  1.1340991112056759e-03
  1.1741920100231628e-03
  1.2200594925065899e-03
  1.0897647203251680e-03
  1.1737285849517294e-03
  1.2471638282628866e-03
  1.3668385617863178e-03
  1.0570449984213654e-03
  1.1952798248812491e-03
  1.1914171221629024e-03
  1.1911171096314018e-03
  1.1912219752129556e-03
  1.1398926683407293e-03
  1.2180482957042528e-03
  1.2005465583618223e-03
  1.2042328521392081e-03
  1.1857887405968483e-03
  1.1940787297980572e-03
  1.1676656086760553e-03
  1.1887640312442807e-03
  1.1527768185115412e-03
  1.1527410983029705e-03
  1.1346613728569011e-03
  1.1308073710037914e-03
  1.2551709997813483e-03
  1.1703744146706913e-03
  1.2185946159857881e-03
  1.0789551676357676e-03
  1.1741920095056683e-03
  1.0953406936020141e-03
  1.1025737605290949e-03
  1.1376581983567624e-03
  1.2260574850032533e-03
  1.0483140527626094e-03
  1.0702847571436409e-03
  1.1940308600677308e-03
  1.2071082713441365e-03
  1.2091466378006594e-03
  1.1933986768935942e-03
  1.1628780766761721e-03
  1.0897647207112014e-03
  1.2109671103630701e-03
  1.1449304121142836e-03
  1.2512338533645108e-03
  1.1748972838558323e-03
  1.2243090315215864e-03
  1.2777604980912943e-03
  1.0631719792653918e-03
  1.0616191886594106e-03
  1.2115627853812900e-03
  1.2050823079927629e-03
  1.2587035677755320e-03
  1.1093322151772560e-03
  1.2512338529026593e-03
  1.2333368723576868e-03
  1.0789551679692003e-03
  1.0570449980468865e-03
  1.0953406924512589e-03
  1.1797764330234652e-03
  1.1454576570360960e-03
  1.1769745009977421e-03
  1.0996114263459636e-03
  1.1929570905627616e-03
  1.0883132516351331e-03
  1.1937508528017773e-03
  1.2099808461866663e-03
  1.1436297707602954e-03
  1.1386178607123343e-03
  1.2297339850417261e-03
  1.1820861118968422e-03
  1.1921577939220771e-03
  1.1997282158444807e-03
  1.1608821530579305e-03
  1.1929385308710905e-03
  1.2032387383122457e-03
  1.2189345801234073e-03
  1.1676738983854977e-03
  1.1763277089490260e-03
  1.1414818881171377e-03
  1.2202940730142904e-03
  1.0797437194537379e-03
  1.1919725980414841e-03
  1.0903900495334434e-03
  1.2290209012038825e-03
  1.1827279622517606e-03
  1.1837112007781394e-03
  1.2109671087802286e-03
  1.1838879403102518e-03
  1.1529368019450161e-03
  1.1501170727237649e-03
  1.1809363591552852e-03
  1.1805333064118307e-03
  1.0712500387346331e-03
  9.9100048190239507e-04
  1.2135624953932386e-03
  1.1227693896337031e-03
  1.3061840073437295e-03
  1.1742880143862894e-03
  1.2258751403036383e-03
  1.1882804509963114e-03
  1.1834544401311733e-03
  1.1918431023675488e-03
  1.1895875278626887e-03
  1.1934509090820739e-03
  1.1873985819360294e-03
  1.1897238529094641e-03
  1.1938014321921577e-03
  1.1954112362494980e-03
  1.1928303153405466e-03
  1.1969532146268137e-03
  1.1950600888332808e-03
  1.1940840416854559e-03
  1.1929015991512810e-03
  1.2128915876574752e-03
  1.1536468489941538e-03
  1.2076927578439554e-03
  1.1855006620701543e-03
  1.1815656942766354e-03
  1.1845933059190707e-03
  1.1772600572883076e-03
  1.1897756519087858e-03
  1.1863036644633935e-03
  1.1836578385460849e-03
  1.1913308420811032e-03
  1.1886763173160513e-03
  1.1907223693223383e-03
  1.1783556720380128e-03
  1.1895419421409741e-03
  1.1693952207633613e-03
  1.1870670140110668e-03
  1.1693952207091757e-03
  1.1870670139795868e-03
  1.0712500407488456e-03
  9.9100048647742228e-04
  1.2135624950161028e-03
  1.2471638300293551e-03
  1.3668385601932832e-03
  1.2298887353946657e-03
  1.0563084632801488e-03
  1.2180482955591585e-03
  1.1626014896090723e-03
  1.2005465585924965e-03
  1.3061840097898692e-03
  1.1261376581749476e-03
  1.1227693895576145e-03
  1.1836578383723430e-03
  1.1772600572026860e-03
  1.2071082708415746e-03
  1.1919559626091603e-03
  1.2212366675943230e-03
  1.2036536968187106e-03
  1.1947640193334386e-03
  1.1808962255317251e-03
  1.2127362690636917e-03
  1.2007494341826491e-03
  1.2032431941732392e-03
  1.2021920797472727e-03
  1.1966832042168472e-03
  1.1984620457291199e-03
  1.1769745030005602e-03
  1.1929570908917669e-03
  1.0996114265655859e-03
  1.0883132528747659e-03
  1.1602757500317421e-03
  1.1530083618779372e-03
  1.2276168114646799e-03
  1.1138973562759911e-03
  1.1937508576478721e-03
  1.2099808470439808e-03
  1.1864946369118212e-03
  1.1933950990285159e-03
  1.1940512238214499e-03
  1.1893260643718220e-03
  1.2005484361475038e-03
  1.1878820369291487e-03
  1.1771741183799359e-03
  1.2016911386868408e-03
  1.1454576573768078e-03
  1.1795514046863756e-03
  1.1748662127266994e-03
  1.1665533953509127e-03
  1.1677078436384825e-03
  1.1797764334378611e-03
  1.1929385336617044e-03
  1.0797437207222551e-03
  1.1919725987554973e-03
  1.0903900511009753e-03
  1.0887998500425970e-03
  1.1338845276951772e-03
  1.2849372076277831e-03
  1.2032387390721894e-03
  1.2189345830981525e-03
  1.1676738992703573e-03
  1.1414818892351319e-03
  1.1827279630419101e-03
  1.2212366681234018e-03
  1.2138929136101060e-03
  1.1750696782847824e-03
  1.2179289062921449e-03
  1.1919559625819481e-03
  1.1748972838031473e-03
  1.2053686828538501e-03
  1.1857000207761016e-03
  1.1945071435873107e-03
  1.2085040820401431e-03
  1.1313027137500446e-03
  1.2138231748300484e-03
  1.2587035720725058e-03
  1.1093322159835839e-03
  1.0619652666477575e-03
  1.0631719808868638e-03
  1.0951128905328231e-03
  1.1359147145376923e-03
  1.2812222628985218e-03
  1.2753825075695617e-03
  1.1787386484653174e-03
  1.2333368729614271e-03
  1.2323418521456902e-03
  1.1762490117275856e-03
  1.2115627831091750e-03
  1.1198342920971727e-03
  1.1340991160891866e-03
  1.1095903981706257e-03
  1.0616191933255977e-03
  1.2050823022978611e-03
  1.1983703726913813e-03
  1.1747712532764658e-03
  1.2524552290714131e-03
  1.1336886810253308e-03
  1.2009440590020533e-03
  1.2138659412035196e-03
  1.1923918767285529e-03
  1.1313027106296840e-03
  1.2138231759531784e-03
  1.1449304097419122e-03
  1.1359147161752192e-03
  1.1095903996374361e-03
  1.1787386490361069e-03
  1.1198342906922568e-03
  1.2777604971966473e-03
  1.1762490109142947e-03
  1.2812222623104930e-03
  1.2243090314592855e-03
  1.2090942139118530e-03
  1.2096695982020565e-03
  1.1919195424543300e-03
  1.2260574854277854e-03
  1.0483140555350016e-03
  1.1025737617313162e-03
  1.1376581987356277e-03
  1.1940308593304907e-03
  1.0702847582907446e-03
  1.0733000945957064e-03
  1.2199873547437835e-03
  1.3306775930821454e-03
  1.0537178734606324e-03
  1.1331315473630387e-03
  1.0561819695416906e-03
  1.1430610390212590e-03
  1.1924655212709869e-03
  1.1413908975697574e-03
  1.1122209378971321e-03
  1.2099033687573543e-03
  1.1152268085615775e-03
  1.0729671268786274e-03
  1.1001045871838141e-03
  1.0878784218862525e-03
  1.1525963048598766e-03
  1.2609861543062403e-03
  1.2641744870209930e-03
  9.6608615199576526e-04
  1.2622280628971933e-03
  1.0887998427148377e-03
  9.3926363694277443e-04
  1.1753189061225059e-03
  1.2138929102083434e-03
  1.2179289055180471e-03
  1.1750696740342763e-03
  1.1681038894828049e-03
  1.1805333064711871e-03
  1.1727070205925871e-03
  1.1834152717115473e-03
  1.1650811365217194e-03
  1.1762539606261482e-03
  1.1817565992279118e-03
  1.1524583744134741e-03
  1.1742880147158014e-03
  1.2258751403238270e-03
  1.1689568577040617e-03
  1.1529368019882037e-03
  1.1681038894157288e-03
  1.1809363591124679e-03
  1.1501170727494165e-03
  1.1762539606274775e-03
  1.1834224578752847e-03
  1.1648549737014997e-03
  1.1727070204981924e-03
  1.1855006618813593e-03
  1.1845933057833336e-03
  1.1774321610548341e-03
  1.1690361991604143e-03
  1.1689568575633882e-03
  1.1834224578996834e-03
  1.1648549737099906e-03
  1.0563084629807051e-03
  1.0477461160430621e-03
  1.0553516727717133e-03
  1.0937378858849878e-03
  1.3190393405650702e-03
  1.1567152203325892e-03
  1.2785713135381228e-03
  1.1261376576388550e-03
  1.0939567656105993e-03
  1.1817565986383851e-03
  1.0843206735198609e-03
  1.2730873070539812e-03
  1.0975121612616817e-03
  1.1322319937873762e-03
  1.1484939034951504e-03
  1.1834544400896880e-03
  1.1887640311493356e-03
  1.1863036643147919e-03
  1.1863729922984749e-03
  1.1918431023169068e-03
  1.1895875278179933e-03
  1.1942180728495915e-03
  1.1991762375693771e-03
  1.1950432106104733e-03
  1.1977564946462035e-03
  1.1991148032685379e-03
  1.1984620457862324e-03
  1.1954606859086233e-03
  1.1954112362000421e-03
  1.1926739947027013e-03
  1.1971803578957926e-03
  1.1978896244458808e-03
  1.1956022273989909e-03
  1.1759999131550237e-03
  1.1916713573076106e-03
  1.1905050937683387e-03
  1.1494775836488967e-03
  1.1769222147150166e-03
  1.1902509613736787e-03
  1.1774321612135438e-03
  1.1851117154753749e-03
  1.1691277757068725e-03
  1.1881668913703322e-03
  1.2298887357169797e-03
  1.0553516728296303e-03
  1.0853528034522472e-03
  1.1461036943475292e-03
  1.1621782463185457e-03
  1.1190027743595752e-03
  1.2785713141602827e-03
  1.0477461164419958e-03
  1.0939567660015448e-03
  1.1690361993557550e-03
  1.1889326106471706e-03
  1.0639860270809751e-03
  1.1398926686255911e-03
  1.1677078436079617e-03
  1.0993856113851645e-03
  1.1484939045965936e-03
  1.0975121622720174e-03
  1.0937378865746592e-03
  1.1771741175736000e-03
  1.2152726466311112e-03
  1.1919849513844312e-03
  1.1890205973556424e-03
  1.1984719588331366e-03
  1.1919195424190856e-03
  1.2009863313692305e-03
  1.1882561833987911e-03
  1.2010680173468317e-03
  1.1800821850645256e-03
  1.1783853968207862e-03
  1.1951731582502878e-03
  1.1569070245564261e-03
  1.1637020261566432e-03
  1.2241303125768977e-03
  1.1221873631914515e-03
  1.1430610393644253e-03
  1.1924655221255168e-03
  1.1413908979065880e-03
  1.1122209385059027e-03
  1.2099033691179990e-03
  1.1152268092323857e-03
  1.0733000965700850e-03
  1.2199873579792151e-03
  1.3306775982364638e-03
  1.0537178747191361e-03
  1.1331315504257650e-03
  1.2609861567302893e-03
  1.0561819723601176e-03
  1.2641744881818277e-03
  1.0729671298209691e-03
  1.1001045879773983e-03
  1.0878784238932389e-03
  1.1525963064942717e-03
  1.2186108233534932e-03
  1.1765270444635664e-03
  1.2152726474676187e-03
  1.1386178621079755e-03
  1.1608821542947938e-03
  1.1436297727625072e-03
  1.2297339859685889e-03
  1.2200594936789843e-03
  1.1820861129338773e-03
  1.0916085104824473e-03
  9.3926363745694256e-04
  1.1753189087668247e-03
  1.0767904848081695e-03
  9.6608614706611483e-04
  1.2622280663534327e-03
  1.1830408482301053e-03
  1.2095197122257957e-03
  1.1617797624763478e-03
  1.2243836972612094e-03
  1.2072682183182591e-03
  1.1746349725439485e-03
  1.1763277099625308e-03
  1.2290209017176120e-03
  1.2202940736192323e-03
  1.1837112011272338e-03
  1.1703744153848238e-03
  1.2185946166229228e-03
  1.1598737158241474e-03
  1.2066362169923192e-03
  1.1744414780006122e-03
  1.2068836940786296e-03
  1.2279115940844502e-03
  1.2340979833355020e-03
  1.1899204217697963e-03
  1.0526549376137476e-03
  1.2555649750562445e-03
  1.0526549344548658e-03
  1.2555649761924810e-03
  1.2142724354937309e-03
  1.2003161953741430e-03
  1.1991762374100560e-03
  1.2301780762034905e-03
  1.1944552992212397e-03
  1.2151019668483302e-03
  1.2034347151558867e-03
  1.2084894484732189e-03
  1.2126024832058322e-03
  1.2007332002283030e-03
  1.2057663819768345e-03
  1.2301780761304983e-03
  1.2323418523093458e-03
  1.1747712531753809e-03
  1.2524552290334677e-03
  1.1989415132817060e-03
  1.2155404710354550e-03
  1.1958941405533399e-03
  1.2174528390447338e-03
  1.2044294433323085e-03
  1.2005321812489558e-03
  1.3193374113366141e-03
  1.1027275066007698e-03
  1.0809121808267894e-03
  1.2420576552251742e-03
  1.0618176446579874e-03
  1.2535599945326630e-03
  1.0607785268510971e-03
  1.1628780762524657e-03
  1.1933986765366765e-03
  1.1665533949874697e-03
  1.2849372086879390e-03
  1.0767904851418707e-03
  1.1338845274947154e-03
  1.0916085079542041e-03
  1.1494775838784333e-03
  1.1905050937579553e-03
  1.1902509611119402e-03
  1.1676656084224836e-03
  1.1889326106871508e-03
  1.0639860266758656e-03
  1.1346613728801087e-03
  1.1308073708061906e-03
  1.1621782459817511e-03
  1.1190027744981802e-03
  1.2528888480528770e-03
  1.1218443273737441e-03
  1.1626014893229729e-03
  1.1524583734742648e-03
  1.2551709990030130e-03
  1.0993856099871821e-03
  1.1907223691847992e-03
  1.1873985818400942e-03
  1.1897238527751306e-03
  1.1938014320968706e-03
  1.2009556123409541e-03
  1.2038095734583812e-03
  1.2068870042115690e-03
  1.1982786349388204e-03
  1.1977210545350081e-03
  1.1999768125487604e-03
  1.1999746512876383e-03
  1.1977210544830068e-03
  1.1982786349139340e-03
  1.1977564945056154e-03
  1.1954606858855417e-03
  1.1928303152715656e-03
  1.1952798247289052e-03
  1.1928498318253650e-03
  1.1976583213765390e-03
  1.1950432105260712e-03
  1.1969532145289267e-03
  1.1890205978234197e-03
  1.1919849517956398e-03
  1.1917381972760767e-03
  1.1984719592193821e-03
  1.1922843102731755e-03
  1.1939739538719691e-03
  1.1322319940432065e-03
  1.3190393422323546e-03
  1.1567152205966443e-03
  1.0843206745518405e-03
  1.2730873074400973e-03
  1.2528888488985532e-03
  1.1218443280293384e-03
  1.1857887402881590e-03
  1.1913308418400512e-03
  1.1815656940144656e-03
  1.2042328517274012e-03
  1.1935132155017295e-03
  1.1934449289064269e-03
  1.2016911380728097e-03
  1.1878820362870165e-03
  1.1893260639103138e-03
  1.1940512233618577e-03
  1.1978896242094649e-03
  1.1940840414406228e-03
  1.1971278839930934e-03
  1.1917381970007490e-03
  1.1926851500091080e-03
  1.1956022270872824e-03
  1.1991148030445304e-03
  1.1950600887056571e-03
  1.2053686826520760e-03
  1.1867352673063194e-03
  1.2085040819310260e-03
  1.1945071434557144e-03
  1.1857000206345098e-03
  1.2147629096781452e-03
  1.3193374151385490e-03
  1.1027275091859590e-03
  1.0809121818467484e-03
  1.2420576564683831e-03
  1.0618176476284520e-03
  1.2535599961465528e-03
  1.0607785298192144e-03
  1.1221873648316870e-03
  1.2241303133595244e-03
  1.1637020272286249e-03
  1.1783853976213060e-03
  1.1569070256947044e-03
  1.1951731589820967e-03
  1.1921577947099269e-03
  1.1997282166538888e-03
  1.2127362696953924e-03
  1.1947640198881381e-03
  1.2036536973321159e-03
  1.1808962262508671e-03
  1.2147629101376051e-03
  1.1800821855523897e-03
  1.1867352676067549e-03
  1.2009863318083154e-03
  1.2010680179595978e-03
  1.1882561839811196e-03
  1.1955464692690386e-03
  1.2142724358867865e-03
  1.2452811533047038e-03
  1.2034347152317022e-03
  1.2084894483645804e-03
  1.1944552991897332e-03
  1.2151019667886805e-03
  1.2003161953822352e-03
  1.2007332001824761e-03
  1.1948483792352182e-03
  1.2269455749103230e-03
  1.2009440588766752e-03
  1.2126024831989721e-03
  1.0951128901726761e-03
  1.1336886805844528e-03
  1.0619652661778222e-03
  1.2753825079904497e-03
  1.2091466371270832e-03
  1.1765270435193514e-03
  1.2005484354231119e-03
  1.2186108220634804e-03
  1.2072682182517371e-03
  1.1746349729970086e-03
  1.2095197130399969e-03
  1.1830408485032525e-03
  1.1617797618901841e-03
  1.2243836970002493e-03
  1.1881668911742451e-03
  1.1769222144934377e-03
  1.2128915873380465e-03
  1.1759999130398534e-03
  1.1536468489181289e-03
  1.2076927574062462e-03
  1.1691277756469562e-03
  1.1834152715882401e-03
  1.1851117152758325e-03
  1.1650811364540983e-03
  1.1838879403127227e-03
  1.1916713571235272e-03
  1.1886763171203771e-03
  1.1897756516676434e-03
  1.1940787294628271e-03
  1.1912219749242263e-03
  1.1934509088869026e-03
  1.1914171219119987e-03
  1.1999746512034275e-03
  1.2009556123473528e-03
  1.2068870042236952e-03
  1.2038095733571343e-03
  1.1973245030964812e-03
  1.2029310474039228e-03
  1.2029310473924912e-03
  1.1994737438128290e-03
  1.2019890768849809e-03
  1.1994737437963047e-03
  1.1928498319789794e-03
  1.1934449291602055e-03
  1.1935132157483335e-03
  1.1971278842754824e-03
  1.1976583215626093e-03
  1.1926851501710821e-03
  1.1939739534945896e-03
  1.1922843098846538e-03
  1.1929015985824413e-03
  1.1911171092559884e-03
  1.1864946363656940e-03
  1.1933950985988208e-03
  1.2005321810972507e-03
  1.2044294435203441e-03
  1.2174528393156495e-03
  1.1958941403845188e-03
  1.1989415136231512e-03
  1.2155404709316359e-03
  1.2096695980903041e-03
  1.2090942140003944e-03
  1.2007494340264819e-03
  1.2032431941667932e-03
  1.2021920795490600e-03
  1.1966832041233498e-03
  1.1983703725289877e-03
  1.2138659411640232e-03
  1.1923918766383777e-03
  1.2340979832826708e-03
  1.1138973548273819e-03
  1.2276168105721580e-03
  1.1602757494458098e-03
  1.1530083611607563e-03
  1.1795514041305552e-03
  1.1748662122590646e-03
  1.1744414780223173e-03
  1.2068836938324379e-03
  1.2066362166739983e-03
  1.1899204217869698e-03
  1.1598737158491225e-03
  1.2279115938174524e-03
  1.1741920100231628e-03
  1.2471638282628866e-03
  1.0789551676357670e-03
  1.1741920095056689e-03
  1.1449304121142836e-03
  1.0631719792653918e-03
  1.0616191886594101e-03
  1.2115627853812895e-03
  1.2587035677755316e-03
  1.0789551679692003e-03
  1.1769745009977423e-03
  1.1937508528017775e-03
  1.1929385308710905e-03
  1.2189345801234073e-03
  1.0797437194537383e-03
  1.0712500387346326e-03
  9.9100048190239420e-04
  1.3061840073437304e-03
  1.0712500407488454e-03
  9.9100048647742228e-04
  1.2471638300293546e-03
  1.3061840097898687e-03
  1.1769745030005610e-03
  1.1937508576478704e-03
  1.1929385336617061e-03
  1.0797437207222546e-03
  1.0887998500425974e-03
  1.2189345830981547e-03
  1.2138929136101054e-03
  1.1750696782847835e-03
  1.1313027137500444e-03
  1.2587035720725054e-03
  1.0631719808868638e-03
  1.2115627831091752e-03
  1.0616191933255977e-03
  1.1313027106296840e-03
  1.1449304097419124e-03
  1.0733000945957064e-03
  1.3306775930821452e-03
  1.1924655212709866e-03
  1.0729671268786274e-03
  9.6608615199576526e-04
  1.0887998427148377e-03
  9.3926363694277443e-04
  1.2138929102083434e-03
  1.1750696740342763e-03
  1.0937378858849882e-03
  1.3190393405650711e-03
  1.0975121612616812e-03
  1.0975121622720174e-03
  1.0937378865746592e-03
  1.1924655221255164e-03
  1.0733000965700852e-03
  1.3306775982364634e-03
  1.0729671298209675e-03
  9.3926363745694289e-04
  9.6608614706611559e-04
  1.0526549376137476e-03
  1.0526549344548667e-03
  1.3193374113366139e-03
  1.3190393422323550e-03
  1.3193374151385486e-03
