       1
       2
       3
       4
       5
       6
       7
       9
      11
      15
      16
      23
      24
      31
      33
      42
      47
      56
      59
      68
      78
      87
      96
     100
     118
     121
     141
     143
     165
     166
     177
     189
     200
     201
     223
     225
     245
     248
     266
     270
     279
     288
     298
     307
     310
     319
     324
     333
     335
     342
     343
     349
     351
     355
     357
     359
     360
     361
     362
     363
     364
     365
