  1.9624455276770840e-03
  1.9596914808024980e-03
  1.8778468488482079e-03
  2.0896147488372097e-03
  1.8783764069916083e-03
  1.9538910829387788e-03
  1.9971400401248311e-03
  1.8081520564668537e-03
  1.8667202058442870e-03
  1.8008761049323754e-03
  2.0229645729919160e-03
  2.3149445367217775e-03
  2.7070636400103650e-03
  2.2914072284246070e-03
  1.9606470278529056e-03
  1.9986180246677619e-03
  1.7903748718597087e-03
  2.7729523265061749e-03
  2.3759836289672016e-03
  2.2981484736431029e-03
  2.2884441117353221e-03
  2.2720480390414789e-03
  1.9582353200526853e-03
  1.9129020474261524e-03
  2.4077123754811022e-03
  2.3766862028392812e-03
  2.4002042262483703e-03
  2.3587343855501056e-03
  2.2919333010112566e-03
  2.3047561910260221e-03
  1.7438152884792434e-03
  2.3909523698249155e-03
  1.8672116828119948e-03
  2.4126273112167100e-03
  2.3994409715339393e-03
  2.3583364579919056e-03
  2.3468284271841639e-03
  2.3344573594980514e-03
  2.2624867185208489e-03
  2.3126646135006521e-03
  2.4080404257772023e-03
  1.2702331926256931e-03
  2.3845409850578253e-03
  2.4008141426817148e-03
  2.3812259293796369e-03
  2.3364052974652418e-03
  1.9424411178550084e-03
  2.3263491515933886e-03
  1.7833132240976971e-03
  2.3868757372274762e-03
  2.4013625332451440e-03
  2.3951527032886467e-03
  2.3757670129753473e-03
  2.1704319170181043e-03
  2.3750147061061566e-03
  1.8725086443690247e-03
  2.3379709816815373e-03
  2.2596397063503219e-03
  1.9852954162401220e-03
  2.3992352665080027e-03
  2.3863651391689998e-03
  2.3946454068380415e-03
  2.3237918051052450e-03
  2.3906302980546143e-03
  2.3532837861078384e-03
  2.7135503548542162e-03
  2.3152190670943738e-03
  1.8934876896529106e-03
  2.7890708153712773e-03
  2.3779582728576552e-03
  2.3985260352192635e-03
  2.3856298399471884e-03
  2.3817277679500201e-03
  2.3849326619528434e-03
  2.3446970066712917e-03
  2.3883328635670590e-03
  1.8664893334421066e-03
  1.9884450010173170e-03
  2.4532972030217345e-03
  2.3953643485974683e-03
  2.3842800655321712e-03
  2.3909286081393198e-03
  1.8767417673268146e-03
  2.3923496327873813e-03
  2.3641300794591921e-03
  2.3792947056377007e-03
  1.9485759443646892e-03
  2.3481165507056503e-03
  2.4323746738011752e-03
  2.3811317038168389e-03
  2.3974107373937177e-03
  2.3827242528505969e-03
  2.3833889020607297e-03
  2.3882358519569020e-03
  2.3717734041233192e-03
  1.9940898927368906e-03
  2.3604880801917530e-03
  2.7800425719306781e-03
  2.7670928418801390e-03
  1.9176944406341077e-03
  2.4051673464358971e-03
  2.4176591354814238e-03
  2.3832176252972931e-03
  2.3890365062359843e-03
  2.3938370883718123e-03
  2.3761100290586581e-03
  2.3549828715403237e-03
  2.4201180950065549e-03
  1.8612269431519022e-03
  2.4504465148127009e-03
  2.4109301962908498e-03
  2.3822575030001828e-03
  2.4072105746521279e-03
  2.3593789461141719e-03
  2.3843328867950079e-03
  2.3904427832801400e-03
  2.3623372395857483e-03
  1.9348576075885473e-03
  1.8218323561962403e-03
  2.3459434398522085e-03
  1.8507065001799959e-03
  2.4347427984172821e-03
  2.4089098120802510e-03
  2.3594317321337923e-03
  2.3136437463310931e-03
  2.3828735679913252e-03
  2.3699127194249975e-03
  2.3990828162017384e-03
  2.3890931105374205e-03
  2.3157423469228017e-03
  2.7485117772792092e-03
  2.3373238902626879e-03
  2.4227315683632068e-03
  2.3629200453605973e-03
  2.3768222275000021e-03
  2.2807430112292411e-03
  2.4037895888465071e-03
  2.3853888230115760e-03
  2.3935733417303280e-03
  2.3802035693812778e-03
  2.0012221005832279e-03
  2.3187637082771047e-03
  1.9220964755195683e-03
  2.3353368234291880e-03
  2.3486981949985227e-03
  2.4126796344665284e-03
  2.3686931862346165e-03
  2.3812578206347250e-03
  2.3982012253698348e-03
  2.3902049060857910e-03
  2.4041950005327167e-03
  2.3885557069166516e-03
  1.7807983513307751e-03
  2.3310666559283304e-03
  2.3412295711606251e-03
  2.3571853081949352e-03
  2.3761620629652049e-03
  2.4046772107734690e-03
  2.4080510679599671e-03
  2.3855447296301691e-03
  2.3937377649476989e-03
  2.4118434299357939e-03
  2.4009162030128890e-03
  2.2665228007556527e-03
  1.7793545164895459e-03
  1.8744934259279427e-03
  2.3470958454339060e-03
  2.3677272218185401e-03
  2.4050552008280874e-03
  2.3810739030733106e-03
  2.3987355678793676e-03
  2.3901699348281898e-03
  2.3084926525800309e-03
  2.4138661047618331e-03
  2.2659593090081690e-03
  2.4356766857524074e-03
  1.4035399147124094e-03
  2.7634219493341871e-03
  2.4251572547214885e-03
  2.4090953760092120e-03
  2.4013743874623369e-03
  2.3945068837522439e-03
  2.3856298652275053e-03
  2.3750828427333676e-03
  2.3602740278807254e-03
  2.3225415935184822e-03
  2.3045038391121880e-03
  2.6514187444510169e-03
  1.3213339789198777e-03
  2.4356766857825405e-03
  2.2659593088153619e-03
  2.4138661046745296e-03
  2.3901699349079919e-03
  2.3084926525214827e-03
  2.3987355679368771e-03
  2.4050552008169747e-03
  2.3810739031688301e-03
  2.3677272219030506e-03
  2.3470958455083847e-03
  1.8744934221205274e-03
  1.7793545122224313e-03
  2.2665228005097492e-03
  2.4009162027762345e-03
  2.4118434297444886e-03
  2.3937377650886473e-03
  2.4080510678729239e-03
  2.3855447298118679e-03
  2.4046772108384314e-03
  2.3761620631549216e-03
  2.3571853083485268e-03
  2.3412295711992257e-03
  2.3310666556870911e-03
  1.7807983509898421e-03
  2.3885557066607660e-03
  2.4041950003550997e-03
  2.3902049063335572e-03
  2.3982012255230755e-03
  2.3812578209193714e-03
  2.4126796344899910e-03
  2.3686931865104306e-03
  2.3486981951353313e-03
  2.3353368232756060e-03
  1.9220964722321239e-03
  2.3187637081887023e-03
  2.0012220985937855e-03
  2.3802035690590148e-03
  2.3935733420150465e-03
  2.3853888233916249e-03
  2.4037895889601627e-03
  2.2807430105717384e-03
  2.3768222278792526e-03
  2.3629200456607596e-03
  2.4227315683166312e-03
  2.3373238902255049e-03
  2.7485117766278839e-03
  2.3157423465405723e-03
  2.3890931109655641e-03
  2.3990828164593132e-03
  2.3699127198537335e-03
  2.3828735684936087e-03
  2.3136437457680309e-03
  2.3594317323444589e-03
  2.4089098121016241e-03
  2.4347427983219512e-03
  1.8507064980632757e-03
  2.3459434386666018e-03
  1.8218323556561217e-03
  1.9348576059764839e-03
  2.3623372399516058e-03
  2.3904427837411505e-03
  2.3843328873963247e-03
  2.3593789459672343e-03
  2.4072105748113061e-03
  2.3822575036002124e-03
  2.4109301961655000e-03
  2.4504465143808346e-03
  1.8612269423366654e-03
  2.4201180939698117e-03
  2.3549828716523578e-03
  2.3761100296748497e-03
  2.3938370887759096e-03
  2.3890365068881397e-03
  2.3832176260297428e-03
  2.4176591354404049e-03
  2.4051673461508265e-03
  1.9176944364197009e-03
  2.7670928423539176e-03
  2.7800425702284998e-03
  2.3604880796266442e-03
  1.9940898910775690e-03
  2.3717734045786520e-03
  2.3882358526531302e-03
  2.3833889029560547e-03
  2.3827242536498400e-03
  2.3974107376666166e-03
  2.3811317032624117e-03
  2.4323746733736170e-03
  2.3481165490713517e-03
  1.9485759402875491e-03
  2.3792947056625472e-03
  2.3641300801426892e-03
  2.3923496333986324e-03
  1.8767417660625141e-03
  2.3909286090954356e-03
  2.3842800665831998e-03
  2.3953643486420545e-03
  2.4532972022720204e-03
  1.9884449991469603e-03
  1.8664893319683782e-03
  2.3883328626414695e-03
  2.3446970069584488e-03
  2.3849326629971595e-03
  2.3817277692426480e-03
  2.3856298410898139e-03
  2.3985260356672550e-03
  2.3779582726150463e-03
  2.7890708144217517e-03
  1.8934876864290255e-03
  2.3152190666690612e-03
  2.7135503520054347e-03
  2.3532837871086580e-03
  2.3906302990152608e-03
  2.3237918051277734e-03
  2.3946454081767766e-03
  2.3863651406915379e-03
  2.3992352666899865e-03
  1.9852954135686578e-03
  2.2596397046210307e-03
  2.3379709824057132e-03
  1.8725086437494144e-03
  2.3750147075789693e-03
  2.1704319183113103e-03
  2.3757670148133476e-03
  2.3951527050359469e-03
  2.4013625341132183e-03
  2.3868757370185552e-03
  1.7833132231884659e-03
  2.3263491522876878e-03
  1.9424411161267868e-03
  2.3364052990211418e-03
  2.3812259307077121e-03
  2.4008141445167638e-03
  2.3845409873474439e-03
  1.2702331896820387e-03
  2.4080404265004909e-03
  2.3126646181190276e-03
  2.2624867189105151e-03
  2.3344573604456922e-03
  2.3468284292393147e-03
  2.3583364605822420e-03
  2.3994409728114521e-03
  2.4126273141668506e-03
  1.8672116826282954e-03
  2.3909523725731551e-03
  1.7438152945886349e-03
  2.3047561920842728e-03
  2.2919333035387375e-03
  2.3587343872238289e-03
  2.4002042288643693e-03
  2.3766862064751345e-03
  2.4077123778988309e-03
  1.9129020556726101e-03
  1.9582353203896528e-03
  2.2720480406431634e-03
  2.2884441148265664e-03
  2.2981484772578234e-03
  2.3759836314191981e-03
  2.7729523328776052e-03
  1.9986180300273072e-03
  1.7903748743632300e-03
  1.9606470298721935e-03
  2.2914072309116228e-03
  2.7070636454112861e-03
  2.3149445416558237e-03
  2.0229645774962361e-03
  1.8008761073365440e-03
  1.8667202085689591e-03
  1.8081520602322599e-03
  1.9971400442633583e-03
  1.9538910881107445e-03
  1.8783764098263740e-03
  2.0896147565826282e-03
  1.8778468543050261e-03
  1.9596914845227856e-03
  1.9624455330349978e-03
  3.9139733667438757e-04
  4.1572127608762891e-04
  3.5965172254525567e-04
  3.9139733650188959e-04
  3.8164347070476122e-04
  3.5439065975513063e-04
  3.5387306288647006e-04
  4.0385426179376319e-04
  4.1956785592517717e-04
  3.5965172265640011e-04
  3.9232483366591413e-04
  3.9791695093392579e-04
  3.9764617695703017e-04
  4.0631152670780245e-04
  3.5991457315124611e-04
  3.5708334624487756e-04
  3.3033349396746468e-04
  4.3539466911457676e-04
  3.5708334691628184e-04
  3.3033349549247413e-04
  4.1572127667645152e-04
  4.3539466992995626e-04
  3.9232483433352034e-04
  3.9791695254929015e-04
  3.9764617788723541e-04
  3.5991457357408490e-04
  3.6293328334753247e-04
  4.0631152769938486e-04
  4.0463097120336844e-04
  3.9168989276159449e-04
  3.7710090458334812e-04
  4.1956785735750181e-04
  3.5439066029562129e-04
  4.0385426103639171e-04
  3.5387306444186590e-04
  3.7710090354322798e-04
  3.8164346991397083e-04
  3.5776669819856881e-04
  4.4355919769404836e-04
  3.9748850709032891e-04
  3.5765570895954246e-04
  3.2202871733192175e-04
  3.6293328090494591e-04
  3.1308787898092481e-04
  4.0463097006944785e-04
  3.9168989134475877e-04
  3.6457929529499605e-04
  4.3967978018835701e-04
  3.6583738708722706e-04
  3.6583738742400579e-04
  3.6457929552488638e-04
  3.9748850737517214e-04
  3.5776669885669509e-04
  4.4355919941215449e-04
  3.5765570994032248e-04
  3.1308787915231430e-04
  3.2202871568870521e-04
  3.5088497920458253e-04
  3.5088497815162218e-04
  4.3977913711220468e-04
  4.3967978074411834e-04
  4.3977913837951624e-04
