       2
       6
      28
      29
      43
      48
      49
      50
      52
      56
      61
      65
      74
      76
      81
      93
      94
      97
     133
     134
     136
     143
     160
     168
     184
     185
     188
     192
     197
     198
     206
     208
     211
     220
     224
     233
     235
     253
     255
     260
     265
     271
     273
     274
     276
     278
     308
     309
     317
     364
     365
     383
     388
     390
     396
     410
     413
     434
     436
     459
     517
     547
