  1.1804917346787725e+01
 -2.7998048005656774e+01
  1.6604346563467548e+01
 -2.0339589453737661e+00
 -2.0340111735525962e+01
  1.7585255917153027e+01
 -7.9030422205478352e+00
 -1.4102563322843583e+01
  6.5610741649803828e-01
 -1.9315058697329661e+01
  2.1558682834812107e+01
 -1.0045829488711428e+01
  6.2847050646311153e+00
 -2.2073232840805733e+01
  2.3022342901447221e+01
 -7.8544501439165106e+00
  1.9140198074357741e+01
  2.7796519000590683e-09
 -1.1128225018896746e+01
  2.2256450067460541e+01
 -5.3295155414407516e+00
  2.1267499097433955e+01
 -2.0262560428632995e+01
  5.6335977491151166e+00
  7.1715378701740331e+00
 -1.9405404803087350e+01
  2.0750498046376851e+01
 -5.1403432212925741e+00
  1.2669670651066946e+01
  9.0054831173142365e+00
 -2.4346286613809831e+01
  2.0029461981228785e+01
  1.3520115231094365e-01
  1.9079927707901085e+01
 -2.1847022646710247e+01
  1.0891000826788998e+01
 -1.5403895207363497e-01
 -1.9115877288497327e+01
  2.1866840304888655e+01
 -1.0805484533975445e+01
 -1.9102868258136397e+01
  1.9299152580118083e+01
 -1.0816493521059950e+01
 -1.1046762386405289e+01
  1.9119008867015879e+01
 -1.9297453638274394e+01
  1.0807254697214017e+01
  1.1045789918480720e+01
 -2.1111092671310572e+00
  2.2078782041450804e+01
 -2.0912888806550836e+01
  1.0938952780365405e+01
 -2.1932025794664433e+01
  1.9956375088402819e+01
 -9.4851686875690309e+00
 -1.0085852189422759e+01
  8.1768927177275219e-01
  1.9429612672128982e+01
 -2.0982760935417144e+01
  1.0749875767835903e+01
 -1.9251590238214195e+01
  1.9369690848006414e+01
 -1.1063560713475361e+01
 -1.0435727088596373e+01
  1.1993758188147483e-01
  1.9252400267243502e+01
 -2.1833694133256088e+01
  1.0916101295105564e+01
 -1.7801785391566569e-01
 -1.9118738904445596e+01
  2.1800762648144012e+01
 -1.0840315369439647e+01
 -1.9756911564687339e+01
 -9.7571815247310123e-02
  1.0213197943964413e+01
 -2.1623231068010927e+01
  2.7467438066060879e-01
  1.8890269450501211e+01
 -2.2105192368599848e+01
  1.1038086900064037e+01
  1.7629286206504358e-09
 -1.8688771636292696e+01
  2.3208336489239176e+01
 -1.1604168261196474e+01
 -2.8302598875998703e-09
  1.9140198077162694e+01
 -2.2661664169158882e+01
  1.1330832100587134e+01
  3.5967903687434599e-01
  1.9439529906801376e+01
 -2.2465569600722461e+01
  1.0954191742174897e+01
  1.8941481901624528e+00
 -1.9505783440520286e+01
  2.3735603172370581e+01
 -1.0991525665136670e+01
 -1.0982385789240385e+00
  1.9064663595268431e+01
 -2.1515940757947032e+01
  1.0782789458415429e+01
  1.9887844460928591e+01
 -1.9539535820850165e+01
  8.9055476687727886e+00
  1.2731568090467736e+01
 -1.8849707850176038e+01
  1.8766349776430676e+01
 -9.5819765802978960e+00
 -1.2227775632889392e+01
  2.1234999903736327e+01
 -3.0089106356431303e+00
 -4.2291635684276567e+00
  2.2422249199834418e+01
 -2.7548560354537313e+00
 -1.7585255873953216e+01
  2.2005605426376558e+01
 -1.4102563371720809e+01
 -2.1804354586642013e+01
  2.9638994499559494e+00
  8.4719657414059011e+00
 -2.2086828130726371e+01
 -1.9701944988447945e+01
 -4.5270613573164242e+00
  1.0195888190650432e+01
 -2.0674455673352583e+01
  1.0490733174502429e+00
 -2.0143426618843371e+01
  2.2474337725793973e+01
 -1.2592882293453034e+01
  4.0711134069452495e+00
 -2.3588479637968931e+01
  1.8592205192238563e+01
 -7.5533716475466823e+00
 -9.0804858166684141e+00
  2.7587946516374473e+01
 -2.0196278541277156e+01
  8.8340586688511049e+00
 -1.9281520230438755e+01
  1.8127541294928228e+01
 -1.3933593572437308e+01
 -1.1128977296314272e+01
 -1.0343837048497257e+00
  1.9192413866610686e+01
 -2.2465154354666755e+01
  1.1998346325216330e+01
  2.9990646397467621e-02
 -1.9141338580457582e+01
  2.1658166682946899e+01
 -1.1778688365323513e+01
 -1.8552096406353041e+01
  1.8712213007928447e+01
 -1.2881176048610259e+01
 -9.2970336782237304e+00
  1.9458639645306100e+01
  4.0209419535439850e-01
 -9.5658383630071029e+00
  2.1333716601045563e+01
  1.9869381484180511e+01
 -1.9456734027540772e+01
  1.2226692063888914e+01
  9.6669438000542396e+00
 -1.5788527924922148e+01
  2.2073232863601813e+01
 -1.5167892646002961e+01
 -7.8544501936457225e+00
  1.6972443167170283e+01
 -8.6502869663890525e-01
 -1.2084538009837487e+01
  2.4943173917918038e+01
  1.7217455547216545e+01
  4.8695301860866103e+00
 -1.6309505270448497e+01
  2.0751506202653282e+01
  2.0475875756920608e+01
 -1.8669987042704484e+01
  9.3299897780938075e+00
  1.1008797410297291e+01
  1.9232226728965620e+00
 -2.0578530847565474e+01
  2.1660258659355321e+01
 -1.0486140777873022e+01
 -9.3251489939923760e-01
  1.9748004283281194e+01
 -2.1155426644884514e+01
  1.0062931825914310e+01
 -1.6722542235844198e+01
  1.8551371066202876e+01
 -1.0830677353941017e+01
 -1.1384974988917287e+01
  2.2397460048554539e+01
 -7.9385243984261056e+00
 -5.8833331648202085e+00
  2.3082786267974441e+01
  2.4536753941785570e+01
 -1.1925879521029829e+01
 -2.8345652895908717e+00
  2.0572540338401836e+01
 -1.0697511777841214e+01
 -1.5510425393748593e+01
  1.4969624849959846e+01
 -1.6873538588488287e+01
  4.4213226804128087e+00
  1.7194369989909280e+01
 -1.9705589625009029e+01
  1.7208474794778148e+01
 -7.5715932476508279e+00
 -1.6461883164866457e+01
  1.6552734842608658e+01
 -1.6475387099581759e+01
  1.3857287314748804e+01
 -2.7269579024756712e+01
  1.6483769557743283e+01
  8.7762600576585650e-02
  1.8058887057876585e+00
  1.8669987054286480e+01
 -2.0338787192334681e+01
  1.1008797372143233e+01
 -1.8940907678306022e+01
  1.8164551626190484e+01
 -1.1168546291362809e+01
 -1.0692866986484267e+01
  1.8226089396593647e+01
  3.0089103836182423e+00
 -1.8193085665275728e+01
  2.2422249279869312e+01
  2.1675153656673544e+01
 -9.0054831813688612e+00
  4.3168246825672538e+00
  2.0029462058661075e+01
 -1.8840455227029892e+01
 -2.9638992057309652e+00
  1.3614862307719202e+01
 -2.2086828239593785e+01
  1.0116212873344153e+00
  1.9090207617429630e+01
 -2.1671999774832877e+01
  9.9702674045779585e+00
  2.8408686053832571e-01
 -1.9662164646788675e+01
  2.2348710943798206e+01
 -1.0268984141499729e+01
 -5.7755345525254531e-01
 -1.9317408298573156e+01
  2.1643316667464049e+01
 -1.1644384413411318e+01
  1.9314171761670632e+01
 -1.9932358944441425e+01
  1.1765670837118444e+01
  1.1400359657193652e+01
 -1.9557286837682091e+00
  2.0876944556551390e+01
 -2.0907053126966446e+01
  8.8707756110062750e+00
 -2.2884311112269135e+01
  2.0139283994205300e+01
 -9.7237212246029081e+00
 -1.1518710926903688e+01
  2.0904446222517500e+01
 -6.5073614000233171e+00
 -3.3314230468407837e+00
  2.1073346663765246e+01
 -1.0413728857912257e+00
  2.0068020537172806e+01
 -2.1311075764246247e+01
  1.3867678472960661e+01
  2.0130535085676442e+01
  6.5891312350806563e-01
 -7.8752480770291262e+00
  2.1460697495344920e+01
 -1.9993565370698221e+01
 -6.6181349370107978e-01
  1.2336330296065087e+01
 -2.1555162099427175e+01
  1.9333800788546956e+01
 -1.8022667612698726e+01
  1.2634215686424982e+01
  9.2526933389962398e+00
 -1.9028015173548763e+01
 -9.0752122674313673e-01
  1.1320901926497225e+01
 -2.1689444035614397e+01
 -5.9720679848217639e-01
  1.9517052215418129e+01
 -2.1818496034953295e+01
  1.0758684008493745e+01
  6.4569077325168778e-01
 -1.9393897389182509e+01
  2.1845222599921382e+01
 -1.0690795484911106e+01
  9.2409745085564565e-01
 -2.0015688105484713e+01
  2.2085610069658937e+01
 -1.2284140194219239e+01
  2.1539963790215108e+01
 -1.5798804728077327e+01
  5.9009610278529188e+00
  1.5130245881781951e+01
  2.0918539990072063e+00
 -1.8656646389603399e+01
  2.3273466315203883e+01
 -8.9201730111641044e+00
 -1.6351492706398862e+01
 -3.5937715747898329e+00
  1.4168470406369092e+01
 -2.1972063739465082e+01
  1.6140639032773539e+01
  3.7515375239891440e+00
 -1.5457614766321045e+01
  2.2936633529053669e+01
 -1.8729974616931351e+01
 -3.5348273273894237e-01
  1.3318069735115310e+01
 -2.2442310911980371e+01
 -3.2165430250330868e-01
  2.0348614891929056e+01
 -2.1647073239143939e+01
  7.6506294893415836e+00
  1.8733527673699928e+01
  3.4074699070588010e-01
 -1.3092489254647562e+01
  2.1633729739751381e+01
 -1.5935059631607583e+01
 -1.0027927483993254e+01
  1.5308664557173937e+01
 -1.9426263708417743e+01
 -2.0366481779888222e+01
  2.0058452416507084e+01
 -8.8530565335241107e+00
 -1.1877069371910521e+01
 -2.1927131167260452e+01
 -1.3344286652267140e-01
  1.2983556886283660e+01
 -2.0833502571367266e+01
  2.2996043536812058e-01
 -1.8156903832527870e+01
  2.2530142241379995e+01
 -9.7830730550174341e+00
  1.8167737160131146e+01
 -1.7928775885402104e+01
  1.0844457425152921e+01
  1.2567532994887799e+01
 -8.5814597173930279e-02
  1.8851907709123829e+01
 -2.2452475405743396e+01
  1.0157546244993679e+01
  1.6107414189289901e+01
  8.6502902413768767e-01
 -1.2858636140885768e+01
  2.4943174112994175e+01
 -2.0751302813510083e+01
  2.4483457513204909e+00
  1.0838963881390699e+01
 -2.1631162371507507e+01
  2.0777723461487803e+01
 -2.5140727608037663e+00
 -1.1072390604743902e+01
  2.2211861242800314e+01
  1.9183866993374881e+01
 -9.6345152894300112e-01
 -1.1356683691755814e+01
  2.3232019160801876e+01
 -1.9181444101828003e+01
  9.3830801599822256e-01
  1.1298259722152178e+01
 -2.2625725479225785e+01
 -7.0159169503092389e-01
  1.9385715814414485e+01
 -2.2253895511998412e+01
  1.1217778550306084e+01
 -1.5609540703886671e+01
 -3.8014361823920875e+00
  1.9917442986123778e+01
 -2.5050676347402902e+01
  2.0803017907279870e+01
 -1.9634459345303714e+01
 -1.1680876503531421e-07
  2.4253241861592958e+01
 -1.7134683891631941e+01
  1.6033586030346083e+01
 -4.5312676174310296e+00
 -1.9805304188100962e+01
  1.7703792755668427e+01
  3.0977307552624747e+00
 -1.6249742170878598e+01
  2.2311043929134584e+01
 -1.1836554360742461e+01
  2.2089636559008873e+01
 -1.4589220177404620e+01
 -5.1133028596029693e+00
  1.7931576217008654e+01
 -2.2388888107386304e+01
  1.0936929863423053e+01
  1.0089699818537138e+01
 -2.0215436600739185e+01
  2.1446721689312849e+01
 -9.9076931461388291e+00
 -9.6651063196607314e+00
  1.9001911975490131e+01
 -1.9001911974235163e+01
  1.1071940792269627e+01
  1.1071940774957179e+01
 -1.8975021007804482e+01
  1.9079399903247364e+01
 -1.1087609489293406e+01
 -1.1117091060989472e+01
  1.0364423557302253e-01
  1.8975416275801706e+01
 -2.2048415102470013e+01
  1.1003523453718655e+01
 -3.6441026214889635e-02
 -1.9100670382494606e+01
  2.1984273664832354e+01
 -1.0959886460672411e+01
 -1.9237077936720031e+01
  2.1675609729098580e-01
  1.1042505862212325e+01
 -2.1902841325729863e+01
  1.9150474841446389e+01
 -1.1748737218372926e-01
 -1.1086233492462133e+01
  2.2056428911318356e+01
 -1.9079906933687102e+01
  1.9215739471013109e+01
 -1.0894357711812326e+01
 -1.1054689825123695e+01
 -1.9150105690506784e+01
  1.1685723887110869e-01
  1.1016931138467779e+01
 -2.1938131171262221e+01
  1.9100730058143061e+01
 -1.9136993553895163e+01
  1.0923885120342636e+01
  1.0953287326902471e+01
  1.9178400169876092e+01
 -5.9291310762335840e-02
 -1.0976986899188814e+01
  2.1890352692804967e+01
  5.9087082142673303e-02
  1.9119158559143084e+01
 -2.1814951483809981e+01
  1.0895016542151122e+01
 -2.8728268813208818e-01
 -1.9110780238198824e+01
  2.1728376243059962e+01
 -1.0939679192539232e+01
  2.9503691504762131e-01
  1.9019839299734318e+01
 -2.1842890683598437e+01
  1.1126490007334635e+01
  3.3748601117607019e-01
  1.9010689481781402e+01
 -2.1853324488027997e+01
  1.0961312434620165e+01
 -2.0749951628859105e+01
  2.0129183756593410e+01
 -1.0280582535613492e+01
 -9.8939152621195028e+00
 -6.5264697841939789e-01
  2.0781783400977439e+01
 -2.1210545224839954e+01
  1.1315091641497736e+01
  9.4337945061271050e-02
 -1.9851770064281855e+01
  2.0906561791135893e+01
 -1.0808725757036122e+01
 -4.6712680740549190e-01
 -1.9025118372998417e+01
  2.1902188393436251e+01
 -1.0855739329938702e+01
  5.8400075521680028e-01
  1.9157278267977610e+01
 -2.1750298869121817e+01
  1.1114372778071536e+01
 -1.9507175543824413e+01
  7.3420552854114318e-01
  1.1054910248830367e+01
 -2.2053544559012039e+01
 -1.8889908372112458e+01
  1.9167266821515511e+01
 -1.1067145697700573e+01
 -1.1254054642736776e+01
 -1.9366547602717791e+01
  3.6435655133950073e-01
  1.1000088078434844e+01
 -2.1906601960660161e+01
  1.9204691488167576e+01
 -2.2531303258016527e-01
 -1.1090058393213555e+01
  2.2076687863181622e+01
  1.9021802988908529e+01
 -1.9489657060766110e+01
  1.1011187841525183e+01
  1.0925099821721679e+01
 -1.9000249131141594e+01
  1.9364130043214615e+01
 -1.1023270047328639e+01
 -1.0854734540649913e+01
 -1.9019765024760460e+01
  1.9237391772759537e+01
 -1.0916600655068526e+01
 -1.1074218469430356e+01
  1.8979858708685068e+01
 -1.9204335617062398e+01
  1.0939573169625039e+01
  1.1055189325860697e+01
  1.2655360364136336e-09
 -1.9001911975495414e+01
  2.2330389881353529e+01
 -1.1165194953203446e+01
  1.8688771636265454e+01
 -1.8688771634557011e+01
  1.1245518711289002e+01
  1.1245518681522658e+01
  1.9010747873493123e+01
 -1.4866392249498211e-01
 -1.1439260136593322e+01
  2.2580492332365136e+01
 -1.9008916404905897e+01
  1.4645077187187858e-01
  1.1161079245784286e+01
 -2.2244337939041866e+01
  1.8862083950273355e+01
  1.4866392583853458e-01
 -1.1141232165147073e+01
  2.2580492332549621e+01
 -1.8862465632277988e+01
 -1.4645077516275354e-01
  1.1083258668681990e+01
 -2.2244337938782781e+01
 -1.9410976838495593e+01
  3.8014362069795258e+00
  5.1332334669726398e+00
 -2.5050676391058971e+01
  1.1685585686634608e+00
  1.9634459242577734e+01
 -2.4253241757907084e+01
  2.4253241641098320e+01
 -1.1010978615319835e+00
 -1.6033586025462551e+01
  2.4336571826289674e+01
 -1.9805304105631567e+01
  1.5937983493325989e+01
 -2.1267499061683125e+01
  1.4628962686489311e+01
  5.6335977591496711e+00
 -1.2233866913454467e+01
  1.9405404820569082e+01
 -1.5610154824007239e+01
 -5.1403432437202783e+00
 -1.0864812643278872e+00
  1.7396211038907804e+01
 -2.4013514360842429e+01
  1.0311566011020123e+01
  9.2798030954830732e+00
  1.1052519439873484e+01
 -2.6850661419593308e+01
  1.9028326600459543e+01
 -1.9756507352896473e+00
 -1.9956375047376223e+01
  1.9571020897565191e+01
 -1.0085852264581503e+01
  1.9396960912070071e+01
  8.4437701748843141e-01
 -1.1587754159826108e+01
  2.1667597781842712e+01
  2.0247301895974847e+01
 -1.9429612676595784e+01
  1.0232885240650559e+01
  1.0749875716953516e+01
  1.0253082033195019e+01
 -2.2089636444936055e+01
  1.9702523096244875e+01
 -5.1133029202619289e+00
 -2.2082625757573034e+01
  3.0884654955855089e+00
  1.5288291078824424e+01
 -2.2244311802348395e+01
  2.0801523495609519e+01
 -3.0977307832761505e+00
 -6.0613017514245451e+00
  2.2311043954164134e+01
  1.9489657064660790e+01
 -1.9021802994230395e+01
  1.0925099839826311e+01
  1.1011187821852934e+01
 -1.9167266824957196e+01
  1.8889908374559372e+01
 -1.1254054667775899e+01
 -1.1067145671211415e+01
  1.9141338597018255e+01
 -2.9990664530534634e-02
 -1.1778688337702862e+01
  2.1658166684333068e+01
 -1.8388322716163046e+01
 -5.4558305369853932e-01
  1.1014199484098917e+01
 -2.2485434387302913e+01
  1.8189459259537752e+01
  9.3557273640280700e-02
 -1.1917137559439640e+01
  2.2447402657883707e+01
 -1.8889043050270907e+01
 -4.3619548636983657e-01
  1.0513704327971070e+01
 -2.1748896513663723e+01
  1.8878574185875483e+01
  4.3944101195615493e-01
 -1.1035686456320333e+01
  2.1910719829848698e+01
 -1.9697662083776496e+01
  1.9288397362764837e+01
 -1.1451709571421901e+01
 -1.0281530094129277e+01
  1.9420750976475187e+01
 -1.8781986012367554e+01
  1.1599314881991313e+01
  1.0011591465160055e+01
 -1.9132437985842895e+01
  3.9597453445247878e-02
  1.0743429118354763e+01
 -2.1786665223775845e+01
  1.9132395824517477e+01
 -3.9515386456953912e-02
 -1.0720231801298233e+01
  2.1741511663525902e+01
  1.9109573945196189e+01
 -1.9395152332030655e+01
  1.1030916114579489e+01
  1.0568556782208320e+01
 -1.8978528739440037e+01
  1.9484437014655345e+01
 -1.1102323581474341e+01
 -1.0617208642319886e+01
  3.3288203745241635e-02
 -1.9197393673151755e+01
  2.1750965546122487e+01
 -1.0829196834250991e+01
 -1.9894961750938894e+01
  1.9317408466915165e+01
 -9.9989323182527237e+00
 -1.1644384231822560e+01
  1.8921215847984818e+01
 -2.0876944669786013e+01
  1.2036277560713341e+01
  8.8707754951129356e+00
 -6.1818700042366792e-01
  1.9932358930766537e+01
 -2.3166030403458425e+01
  1.1400359725003479e+01
 -2.7450272551652786e+00
 -2.0139283961471353e+01
  2.1242432073769944e+01
 -1.1518710984597798e+01
  1.9976154088959049e+01
 -5.2198673819812036e-01
 -9.4437918140438502e+00
  2.1819093688276439e+01
 -1.9364023219719304e+01
 -9.1347387792609536e-02
  8.8444658441386945e+00
 -2.2352807348902513e+01
 -6.1018681742557201e-01
 -1.7576987293766749e+01
  2.2673231221883032e+01
 -1.4366288062259216e+01
  5.4372025461508033e-01
  1.9371448343201546e+01
 -2.2727556674355903e+01
  1.5832964001760317e+01
  1.4397084891775393e+01
  6.5073613677925408e+00
 -1.7741923473939774e+01
  2.1073346548600746e+01
  1.9026647677530654e+01
 -2.0068020606155930e+01
  7.4433973067498069e+00
  1.3867678395216016e+01
 -1.9012767791297097e+01
  1.9352076195986534e+01
 -1.0826735087029354e+01
 -1.1144595349315342e+01
 -1.9240178410602208e+01
  1.7377429697413810e-01
  1.1080154948917816e+01
 -2.1876001613312287e+01
  1.9238286969810570e+01
 -1.7367880892275075e-01
 -1.0842046307249152e+01
  2.1863980866846468e+01
  1.9140351320062969e+01
 -1.9109912268558233e+01
  1.1065724399740919e+01
  1.0916264331788145e+01
  1.6126333983844465e-01
  1.8564504002697518e+01
 -2.2337047732695058e+01
  1.1162564291764399e+01
  1.9133142889853101e+01
 -3.7068537689222059e-01
 -1.0929534492272539e+01
  2.2211125329791898e+01
 -6.0480836519982017e-01
 -1.8932554169951885e+01
  2.2096213046461237e+01
 -1.0595506845199930e+01
 -1.9138759351191219e+01
  3.6642568659011282e-01
  1.1266067666946917e+01
 -2.1955888622157428e+01
 -1.9378077764180073e+01
  1.9662164707999903e+01
 -1.2079726847857119e+01
 -1.0268984062111347e+01
  2.7587569635908943e-01
  1.9373837810174560e+01
 -2.1702743892819573e+01
  1.2413277925800731e+01
  8.9647911242712902e-02
 -1.9451097797867657e+01
  2.1936943547738725e+01
 -1.2462780234490168e+01
  2.0317778493499908e+01
 -1.9499418879454065e+01
  1.2038686248815461e+01
  9.5416758589453821e+00
  1.9492036405572509e+01
  8.1755054706885832e-01
 -9.7363536715850838e+00
  2.1559026794980198e+01
  2.0101828883418033e+01
 -1.9090207675833149e+01
  1.1701732419534283e+01
  9.9702673269624853e+00
  5.7411589356830701e+00
  1.5798804883772963e+01
 -2.1031206811433290e+01
  1.5130245744148231e+01
 -2.5962987215464956e+01
  1.0027927446805583e+01
  4.1175991896168656e+00
 -1.9426263621665743e+01
 -3.0802927619323284e-01
 -2.0058452503548278e+01
  2.0730125855794306e+01
 -1.1877069292691463e+01
 -2.2060574032666747e+01
  1.3344278864363490e-01
  7.8499457262800370e+00
 -2.0833502515076837e+01
  9.6208802849207398e-01
  1.6063121755376098e+01
 -2.7741887768888823e+01
  1.4135820008108301e+01
  2.2594989430635568e+01
 -4.1028052886827115e+00
 -1.0295580215729924e+01
  2.1385394848453910e+01
  1.8447756821015144e+01
 -2.2068250810423287e+01
  1.1321386870122812e+01
  7.5500164897978639e+00
 -1.6564792606454986e+01
  1.8656646387213726e+01
 -1.4353293162965318e+01
 -8.9201730400402628e+00
 -1.9945264290571551e+01
  3.5937714006710872e+00
  7.8035933772962132e+00
 -2.1972063618778563e+01
  1.9892176565903160e+01
 -3.7515373485391401e+00
 -7.4790187915080626e+00
  2.2936633441663361e+01
  2.0026960685432975e+01
 -2.0348614896769476e+01
  1.3996443661991524e+01
  7.6506295170817102e+00
 -1.8167737140437438e+01
  2.3896115201696294e-01
  1.0844457456713343e+01
 -2.3411990357040889e+01
  1.8283016516307544e+01
 -9.3557225264542354e-02
 -1.0530265126257863e+01
  2.2447402641175145e+01
  2.0734938619898546e+00
  1.6649723187888434e+01
 -2.3069198126102737e+01
  1.3408375772096818e+01
  1.6599483007059977e+01
 -1.7685809863613780e+01
  1.3251456876623903e+01
  1.1515053525825540e+01
 -1.0480987381513034e+00
 -1.6594549063522777e+01
  2.3894970601725902e+01
 -1.3363942877685139e+01
 -1.8933905766383411e+01
  5.4558303943963116e-01
  1.1471234934564862e+01
 -2.2485434384204112e+01
 -1.8655308186016825e+01
  2.0578530849313644e+01
 -1.1174117846768272e+01
 -1.0486140809762988e+01
  1.9134050671198278e+01
 -3.6517436641779200e-01
 -1.0616073914859932e+01
  2.1881804783949725e+01
  9.8175532851027064e-02
  1.8732801765273503e+01
 -2.2450062596291247e+01
  1.1604194609521954e+01
  1.8770607421254955e+01
 -1.9139102283277374e+01
  1.1161999730663693e+01
  1.0918774212373567e+01
 -1.8379320163141642e+01
  1.8917432501037784e+01
 -1.1385227401443787e+01
 -1.0792312570330152e+01
  2.7831545620380425e+00
 -2.1963245953412112e+01
  2.0524461931154534e+01
 -3.1674309605542481e+00
  2.0833398309052516e+01
 -1.7876153537827644e+01
  4.1898870143366080e+00
  1.6177031916063875e+01
 -2.4033476270228800e+01
  1.6461882995875072e+01
 -7.7347597942748036e-02
 -1.6475387240618613e+01
 -1.3857287210182442e+01
 -1.3412291726398676e+01
  1.6483769682899119e+01
 -1.6571532119091817e+01
  5.0117691083331897e+00
  1.4010521595711692e+01
 -2.7412833136409464e+01
  1.7310673922457784e+01
  7.9385244374469170e+00
 -2.2397459966926874e+01
  2.3082786300398489e+01
 -5.8833330803842410e+00
 -2.2190018613137415e+01
  1.8446511034988781e+01
 -1.2966792186778758e+01
 -9.7963801687537053e+00
 -3.6090415523020734e+00
  2.0963151172456907e+01
 -2.1945523864535545e+01
  5.5065708765248793e+00
  2.0316129956218109e+01
 -1.9021147177519680e+01
  9.2761720526489277e+00
  1.0524096735374894e+01
 -1.4935121345280512e+01
  1.9108241711852390e+01
 -1.2253398117243052e+01
 -1.0572284749267302e+01
 -1.8939662736110176e+01
  8.1231625057268086e-01
  1.1133490391857954e+01
 -2.2874016341741548e+01
 -7.7635606322815442e-01
 -1.8164551601047300e+01
  2.1861413291647590e+01
 -1.0692866962921771e+01
 -5.9031686826369856e-01
  1.9462191582903905e+01
 -2.1148554148358880e+01
  9.9364228716813638e+00
  1.4105523146852790e+00
 -2.0390302549001994e+01
  2.1567325395947794e+01
 -1.0410269971156854e+01
 -2.6207936940177696e+01
  1.5510425068213989e+01
  1.9039139849041937e+00
 -1.6873538889171478e+01
  2.0867419882512848e+00
  1.6399404071021170e+01
 -2.5348645958924124e+01
  1.4755990105604994e+01
 -1.1804917030771339e+01
 -1.6193130554598962e+01
  1.6604346827630515e+01
 -1.4570387631625286e+01
  1.8656812748218265e+01
  4.8018239151494431e+00
 -1.0690448735395902e+01
  2.1401462608556066e+01
  1.1925879589779141e+01
 -2.4536753671817227e+01
  2.0572540364737680e+01
 -2.8345650353121741e+00
 -4.4213226762988036e+00
  2.1615692629651637e+01
 -1.9705589711159792e+01
  2.4971146290000541e+00
  1.8331025106161665e+01
  1.2591671626916636e+00
 -1.0728787190302315e+01
  2.2024078854886302e+01
  1.8092593484546367e+01
 -1.8699263645597835e+01
  1.2171806674532020e+01
  1.0944309939411987e+01
  1.8568808289094601e+01
 -1.5984142745950651e+00
 -1.1032073884385976e+01
  2.2448919971794918e+01
 -1.8567650167946056e+01
  1.7658660176693146e+00
  1.1015808658659083e+01
 -2.4800695002309897e+01
  1.8842823998039641e+01
  4.9454085358126271e-01
 -1.0782538496013460e+01
  2.1812373789332057e+01
  1.9340114269163340e+01
 -1.8850837916740627e+01
  1.1151101964624527e+01
  1.0429074087648820e+01
 -1.9924951670351405e+01
  1.9190327070207402e+01
 -1.0827545387821020e+01
 -1.0616893724584637e+01
 -1.9180091466108209e+01
  2.1963246017186190e+01
 -1.7357031007016619e+01
 -3.1674309123570277e+00
 -2.0833398306214239e+01
  2.9572447645797046e+00
  4.1898870245815107e+00
 -2.0366918914998152e+01
 -4.8695301654581513e+00
 -1.7217455631038348e+01
  2.0751506185431481e+01
 -1.6309505229051112e+01
  3.6090415429999267e+00
  1.7354109643665499e+01
 -2.1945523827741038e+01
  1.6438952888523833e+01
 -1.8656812724556854e+01
  2.3458636660518795e+01
 -1.0690448750963059e+01
 -1.0711013836874329e+01
 -8.1231623815434195e-01
  1.8939662749548820e+01
 -2.2874016305028110e+01
  1.1133490337347206e+01
 -1.6399404126576773e+01
 -2.0867419568805263e+00
  1.4755990046873283e+01
 -2.5348645942909286e+01
  1.6722542279503628e+01
  1.8288288018513079e+00
 -1.0830677383187014e+01
  2.2215652316506326e+01
  2.0390302585040782e+01
 -1.4105523149431518e+00
 -1.0410269990425848e+01
  2.1567325373707622e+01
 -2.0316129989931788e+01
  1.2949827786341319e+00
  9.2761720377438373e+00
 -1.9800268763002901e+01
 -1.9748004285078171e+01
  9.3251490021623673e-01
  1.0062931856578055e+01
 -2.1155426645876094e+01
 -1.2707821455133517e-02
 -1.8987684225504331e+01
  2.1771565901069653e+01
 -1.1102284478152891e+01
  5.0047710277608293e-01
  1.8978652655869997e+01
 -2.1486362436728516e+01
  1.1097003631148393e+01
  1.9769212794302334e+01
 -9.5785526928621390e-01
 -1.0544077049063615e+01
  2.1730308954904100e+01
  2.3588479590817208e+01
 -4.0711134397358775e+00
 -7.5533715726390120e+00
  1.8592205220988564e+01
  9.0804858540251505e+00
  1.8507460543795862e+01
 -2.0196278558787942e+01
  1.1362219997849092e+01
 -2.4229006303204251e+01
  4.5270613904107950e+00
  1.0478567409726187e+01
 -2.0674455689938206e+01
 -1.9094353242532968e+01
  2.0143426641967370e+01
 -9.8814555266242916e+00
 -1.2592882213176294e+01
  1.8158030042765919e+01
 -1.9192413906884578e+01
  1.0466808156924294e+01
  1.1998346260133573e+01
 -1.1539791112447884e+00
 -1.8127541170730360e+01
  2.5062570896020333e+01
 -1.1128977436666803e+01
  2.3931725277068608e+01
 -4.1440777528767869e+00
 -8.9640539016381897e+00
  2.1018153362045222e+01
  1.4087467560941560e+01
 -1.7651197647559140e+01
  1.7360373749525937e+01
  7.3404907459904649e+00
 -3.2672870303039852e+00
 -1.3976160471994822e+01
  2.2646163497779298e+01
 -1.8131863524183146e+01
  4.2210910113605387e+00
  1.7649661304809136e+01
 -2.1408753291450182e+01
  2.2897651373430367e+01
 -2.0116180883584505e+01
  1.9004181797090251e+01
 -1.4853251273266686e+01
 -7.9031476164990933e+00
 -2.8285366298981738e+00
  2.1819727363437849e+01
 -2.1888671719586945e+01
  1.4854244495620021e+00
  1.9890536215153013e+01
 -1.8547666553608444e+01
  1.1989861491679955e+01
  1.0811071387169905e+01
  1.8485690109108905e+01
  1.2872338555828482e+00
 -1.1863385540636061e+01
  2.1856278074499855e+01
 -2.8340244324592825e+00
  2.0657716942382319e+01
 -2.2637999181338710e+01
  1.0440051545680534e+01
  1.8291150344977584e+01
  1.2025019294574164e+00
 -1.2517860369268170e+01
  2.3754559402905318e+01
 -1.8345901129029006e+01
 -1.1054170591969510e+00
  1.1436298069661722e+01
 -2.1836717725290566e+01
 -2.1102627036970421e+01
  1.9010585864173024e+01
 -1.1283357502915283e+01
 -1.1080897982259277e+01
 -1.0125384574951642e+01
 -1.4867895639717396e+01
  1.9189547100632694e+01
 -1.7845180714007920e+01
  7.0612997266497493e+00
  1.4501133304167682e+01
 -2.2867212667166100e+01
  1.7404974492793102e+01
  2.1804763299667954e+01
  5.1567249752138222e-01
 -5.5236257572783982e+00
  2.0947799080124227e+01
  1.3988809598450627e+00
 -1.9331420521513017e+01
  2.3351693687191791e+01
 -1.2594481593056262e+01
 -1.6391122745438501e+01
 -1.6854271784515613e+00
  9.8325607049317831e+00
 -2.3179802894048827e+01
  1.5866601832915135e+01
  1.6811764182388207e+00
 -1.7046335065250538e+01
  2.3121341878858768e+01
  1.5836433109947539e+01
 -3.0018001485298733e+01
  1.8353137821229623e+01
 -2.1073136841881528e+00
 -8.0873830037125405e+00
  2.2975226425382864e+01
 -1.7809141601616997e+01
  1.6128991487738524e+00
 -9.6208839795483847e-01
  1.7025209850012107e+01
 -2.7741888136298474e+01
  1.3606067732334381e+01
 -1.4586550870426803e+01
 -2.7163561537727876e+00
  1.6709755503406701e+01
 -3.3382960845947579e+01
  1.4880662617951897e+01
  2.1707934305606922e+00
 -1.3095236494797824e+01
  2.6678207125526086e+01
  1.8723217057292903e+01
 -1.6649722974469025e+01
  9.6608223073327615e+00
  1.3408375980061598e+01
  1.6594548814853987e+01
  1.0480990053714290e+00
 -1.3363943056004135e+01
  2.3894970749054512e+01
 -1.0863271367595033e+00
  1.7685809892333580e+01
 -2.4766510628996805e+01
  1.1515053481842836e+01
 -7.0905710265451283e-01
 -1.8683109094979599e+01
  2.2490692040307025e+01
 -1.1068312728671655e+01
  1.8684124120027843e+01
 -1.9385715811626895e+01
  1.1036116991984615e+01
  1.1217778518996289e+01
 -1.8773442850207513e+01
  1.9515090115045343e+01
 -1.0984431630325048e+01
 -1.1292642521744494e+01
  1.3900087856478314e+00
  1.8603569480129465e+01
 -2.1897714710442543e+01
  1.0885037905139761e+01
 -1.8598404401802508e+01
  2.0010286864906998e+01
 -1.0966406751746096e+01
 -1.1275898261692959e+01
  1.2665592729831807e+00
  1.8553656890438777e+01
 -2.2160414657846683e+01
  1.0991622201629836e+01
  1.7536066850689760e+01
  4.4291420881272296e+00
 -1.2802679683905804e+01
  2.0893743491920677e+01
  2.0419487723851105e+01
 -2.1503250549956970e+01
  1.0168559203665065e+01
  1.0538857577670335e+01
 -1.7931576215752720e+01
 -4.4573118570312653e+00
  1.0936929825839725e+01
 -2.1026629706450876e+01
 -2.1446721661831535e+01
  2.0215436595657490e+01
 -9.6651063816754661e+00
 -9.9076931023568182e+00
 -2.0083459326690063e+00
  2.0492973598775464e+01
 -2.1942360852882878e+01
  1.0920648254898433e+01
  2.5140727426837532e+00
 -2.0777723446529347e+01
  2.2211861254014167e+01
 -1.1072390651528558e+01
 -1.9392166200543116e+01
  1.8683109094415151e+01
 -1.1422379345804815e+01
 -1.1068312695691208e+01
 -1.8243136084770335e+01
 -9.3830801952906984e-01
  1.1327465725121094e+01
 -2.2625725480832283e+01
  1.8220415463271689e+01
  9.6345153251204296e-01
 -1.1875335437499992e+01
  2.3232019161090943e+01
 -1.8553656888791867e+01
 -1.2665592716978593e+00
  1.0991622168234311e+01
 -2.2160414662829048e+01
  1.9517567440434334e+01
 -1.7707633277908140e+01
  1.1139191168393353e+01
  1.1541124591987636e+01
  1.8549718857910346e+01
  1.2789535121011797e+00
 -1.1060524113243590e+01
  2.2377271080768473e+01
 -1.9515090118441158e+01
  1.8773442853655819e+01
 -1.1292642553604434e+01
 -1.0984431597527708e+01
  4.6712680598635098e-01
 -1.9492245184462735e+01
  2.1902188392144183e+01
 -1.1046449089659994e+01
 -7.3420552851421206e-01
  1.9507175547015006e+01
 -2.2053544558835902e+01
  1.1054910274519051e+01
 -1.9155490376489379e+01
 -8.0150675081926936e-01
  1.0930129610844855e+01
 -2.1711391076885850e+01
 -1.8466206963555258e+01
  2.0474416603631838e+01
 -1.1222969686593347e+01
 -1.0717901941987870e+01
  2.0083459449872119e+00
  1.8484627670240211e+01
 -2.1942360839910013e+01
  1.1021712630249942e+01
  1.7707633278275662e+01
 -1.9517567443194007e+01
  1.1541124622150548e+01
  1.1139191132625671e+01
 -1.8549718859691151e+01
  1.9828672373079460e+01
 -1.1060524144211051e+01
 -1.1316746931337903e+01
  2.0332322536452139e+01
 -1.1052519475323168e+01
  7.8223348615140065e+00
  1.9028326569357830e+01
  1.1142842412181359e+01
  1.6762718152348906e+01
 -1.9183829062981882e+01
  1.3967865579263927e+01
  1.9007079293677194e+01
  1.3436766878822530e+00
 -1.5968015556508496e+01
  2.3797442208939266e+01
  2.1353666319166848e+01
 -1.2117954766260155e+01
  6.2221892130912178e+00
  1.7877384954290200e+01
 -1.4005282247875259e+01
 -8.5457799201974751e+00
  1.6925151388926263e+01
 -1.6738336853952095e+01
 -2.5715697043100892e+01
  1.1458192988494110e+01
  2.1303058582513262e-01
 -1.6904051128016928e+01
  2.2867666737010087e+01
 -3.4177727882190791e+00
 -4.2743063477350409e+00
  1.7739898883740768e+01
  2.2082625765684089e+01
 -1.8994160296348916e+01
  1.5288291106815356e+01
  6.9560206826751232e+00
 -2.3728113816549200e+01
  3.9945511381969929e+00
  8.7404441315131578e+00
 -2.0733658340837586e+01
 -4.4291421222295275e+00
 -1.7536066851175395e+01
  2.0893743472144838e+01
 -1.2802679708991587e+01
 -1.5209404696105516e+01
  1.9726672844401428e+01
 -1.7805394636039392e+01
 -7.2242806296837712e+00
  3.8474715865047480e+00
  1.6278037335472124e+01
 -2.1318407772768371e+01
  1.1884221249024709e+01
  2.2228352788228204e+01
 -8.4586353014099416e+00
  1.0594009109103038e+00
  2.0092119993593901e+01
  5.2307029669950920e+00
 -2.1546721558617968e+01
  2.0744552387909142e+01
 -1.0269144395809293e+00
 -2.5122580027291018e+01
  8.0831557596631001e+00
  5.8153677608499033e+00
 -1.9200229075131002e+01
  1.8975021009311369e+01
  1.0437889586489418e-01
 -1.1087609470395160e+01
  2.2204700549157380e+01
 -2.7467438164771724e-01
  1.9164943834495642e+01
 -2.2105192367321660e+01
  1.1067105485576795e+01
  2.2531303189114013e-01
 -1.9204691492380121e+01
  2.2076687860896588e+01
 -1.1090058410793322e+01
  1.9062907829556380e+01
 -6.6896577577654735e-10
 -1.1054258316161722e+01
  2.2108516644013733e+01
 -1.0364423599283677e-01
  1.9079060513266715e+01
 -2.2048415101516394e+01
  1.1044891658966829e+01
 -1.9137111408761360e+01
  1.9100670385837123e+01
 -1.1024387209150396e+01
 -1.0959886454561429e+01
 -1.9062907829554181e+01
  6.6457119281366823e-10
  1.0981640471329072e+01
 -2.1963280947216642e+01
  3.3268387333318584e-02
  1.9164014166180678e+01
 -2.1738011355499552e+01
  1.0981422331506851e+01
  1.9208897692923710e+01
 -4.1889789783412172e-02
 -1.0937387967132381e+01
  2.1805159487333956e+01
  1.9166907205614500e+01
 -1.9208702102238586e+01
  1.0920188245648049e+01
  1.0835575900146965e+01
 -1.9332469869228266e+01
  1.7879669754898234e-01
  1.0752215901635633e+01
 -2.1668039162441566e+01
 -1.9164105461563146e+01
  1.9197393674312675e+01
 -1.0921768701743396e+01
 -1.0829196847129728e+01
 -1.9143028765460635e+01
  1.9172106601115040e+01
 -1.0908618934321769e+01
 -1.0923433262152724e+01
 -3.6263492477621798e-02
  1.9136993553946500e+01
 -2.1877172446213155e+01
  1.0953287325155586e+01
  1.9144567112654681e+01
 -2.5414114872488097e-09
 -1.0948955938228355e+01
  2.1897911876193110e+01
  2.5318452401005798e-09
  1.9144567110118054e+01
 -2.1815484910670659e+01
  1.0907742452381150e+01
 -1.9021823565745670e+01
  1.9315923176241455e+01
 -1.0979585998505273e+01
 -1.0793911874163859e+01
  1.9102114571014113e+01
 -1.9352877929769644e+01
  1.0934718661477262e+01
  1.0814562523334248e+01
  1.1676338754058921e+00
  1.9593011913489885e+01
 -2.1053534700572797e+01
  1.0849242628623687e+01
 -1.1557943043623704e+00
 -1.9459971104438303e+01
  2.0956027967931782e+01
 -1.0187858920360688e+01
  2.0746901537162298e+01
 -1.1534073589956371e+00
 -9.9564703130063812e+00
  2.0797017256860013e+01
  1.3131198051880058e+00
  2.0174286570755896e+01
 -2.0873663508170530e+01
  1.0561823771408980e+01
 -2.0273988701754604e+01
  8.9464933933731317e-01
  1.0361843200683381e+01
 -2.1412023805501171e+01
 -1.9162324368809731e+01
  1.9742063667654275e+01
 -1.0926437745039633e+01
 -1.0665149086663769e+01
  1.9155490371442422e+01
 -1.9956997128146373e+01
  1.0930129638754858e+01
  1.0781261436337555e+01
  1.9964958195008720e+01
 -7.9631297239741328e-01
 -1.0996912564138471e+01
  2.1570700704991626e+01
  1.9430712788747744e+01
 -2.0608793573472202e+01
  1.0718349579115209e+01
  1.0641760762308030e+01
 -1.9392377010383996e+01
  2.0278559489877118e+01
 -1.0738145021314649e+01
 -1.0471237820212936e+01
  1.6309729764487571e+01
 -1.7396211028435943e+01
  1.3701948378637072e+01
  1.0311565988931706e+01
  2.0350755985115093e+01
 -1.3436766992613025e+00
 -7.8294266118019271e+00
  2.3797442205199044e+01
  1.9712856427859411e+01
  6.7002939806933099e-09
 -1.1684752475923744e+01
  2.3369504973815218e+01
 -1.9712856428036989e+01
 -6.3451351668835826e-09
  1.1065385195543879e+01
 -2.2130770421311013e+01
 -1.9440200035713989e+01
  1.9791362958493249e+01
 -1.0912335458698825e+01
 -1.1021317254140836e+01
 -2.0554990588400852e+01
  1.2672456984024791e+00
  1.1446562467969205e+01
 -2.2443796401395716e+01
  3.4177727662646844e+00
 -2.2867666707706260e+01
  1.7739898900217025e+01
 -4.2743063890073003e+00
  2.7905560531724461e+01
 -1.6762718156366383e+01
  5.2159635346348754e+00
  1.3967865557836822e+01
  2.3728113782542518e+01
 -1.9733562669488666e+01
  8.7404441812119948e+00
  1.1993214181561919e+01
 -2.0474416586439897e+01
  1.8466206958774585e+01
 -1.0717901977778101e+01
 -1.1222969662749266e+01
 -1.6750627224947870e+01
 -3.3811564740537343e+00
  1.2121037519510336e+01
 -2.2659578796756492e+01
 -2.0285078463164169e+01
  1.6506864190245576e+01
 -1.1565880536558007e+01
 -1.3754670193703262e+01
  1.9967672734668035e+01
 -2.2078782032038355e+01
  9.9739360892511648e+00
  1.0938952731566339e+01
  2.0309586967605103e+01
 -8.1755059535921848e-01
 -1.1822673069762738e+01
  2.1559026805598929e+01
 -1.9054417235421003e+01
  1.7800555805153849e+01
 -1.0582049768795558e+01
 -1.3982747689634291e+01
 -1.7039424282986175e+01
 -8.0831556375242570e+00
  1.3384861300602749e+01
 -1.9200229135753716e+01
  1.3769717550571267e+01
  8.4586351739228434e+00
 -2.1151520917750869e+01
  2.0092120057805481e+01
  9.2357116004088962e+00
  1.2117954688117928e+01
 -2.4099574197391245e+01
  1.7877384995657952e+01
 -1.9537362538593925e+01
  1.8932554185466621e+01
 -1.1500706213877230e+01
 -1.0595506836866493e+01
  1.9119870069686684e+01
 -1.8339022793340380e+01
  1.1734353732606776e+01
  1.0263340037735079e+01
  1.9419931828684401e+01
 -1.9116050975322185e+01
  1.0733877027410644e+01
  1.1033975009430732e+01
  3.0463846044988396e-01
 -1.9426146151225346e+01
  2.1822121592833085e+01
 -1.1179026671041651e+01
 -2.7633581874190194e-01
  1.9272948132667931e+01
 -2.1805834472163273e+01
  1.1090866892870926e+01
 -1.9769212792736930e+01
  1.8811357524212852e+01
 -1.0544077024052406e+01
 -1.1186231931581499e+01
  1.9067215212114739e+01
  2.0716443075120280e-01
 -1.1060967744597505e+01
  2.1714394476022118e+01
 -4.0672977009349681e-01
  1.9678217827092706e+01
 -2.1598625825128501e+01
  1.0419158586859330e+01
  1.7845941832375506e-01
 -1.9468309599121564e+01
  2.1477761983866792e+01
 -1.0308017063011230e+01
 -1.9283242207526690e+01
 -1.8163302730585781e-01
  1.1965020835379411e+01
 -2.1859708865615602e+01
 -1.9661158542931094e+01
 -5.2386974258397645e-01
  1.1384750203589070e+01
 -2.1277752902466183e+01
  3.4108155621008479e-01
 -1.9901503310940630e+01
  2.1188165511478111e+01
 -9.7540426093003827e+00
 -2.0207406947219823e+01
 -7.7637799387842199e-01
  1.1812320688481721e+01
 -2.0933711234899121e+01
  1.9708592158145066e+01
  5.3047983128124765e-01
 -9.4581629973587340e+00
  2.1546231538529760e+01
  1.9389617645171853e+01
 -1.8735692100335609e+01
  1.2495722095636243e+01
  8.9912677846989766e+00
  2.0350631546013602e+01
  8.0039856470539750e-01
 -7.9505131456048970e+00
  2.1581385045020138e+01
  1.3428698752221206e+00
  1.8547666541143020e+01
 -2.2800932758908306e+01
  1.0811071437401479e+01
  1.9772924145776770e+01
 -1.2872340598716310e+00
 -9.9928923502099138e+00
  2.1856277950426790e+01
  1.7823692486584598e+01
 -2.0657717140277754e+01
  1.2197947686094318e+01
  1.0440051358209073e+01
  1.9493652403549110e+01
 -1.2025020871358445e+00
 -1.1236698897574472e+01
  2.3754559315444041e+01
 -1.9451318312543371e+01
  1.1054172044206430e+00
  1.0400419537547315e+01
 -2.1836717650333771e+01
 -2.0920413197697596e+00
 -1.9010585845668931e+01
  2.2364255401791734e+01
 -1.1080898030406066e+01
  1.9787647664550921e+01
  4.1440776666322110e+00
 -1.2054099278087522e+01
  2.1018153260370813e+01
 -3.5637300244473735e+00
  1.7651197673008781e+01
 -2.4700864370556175e+01
  7.3404907365046697e+00
 -1.7243447539931822e+01
  1.3976160570617289e+01
 -4.5143000135494384e+00
 -1.8131863342003466e+01
  2.1870752402875549e+01
 -1.7649661476638926e+01
 -1.4888980030127081e+00
  2.2897651204711771e+01
 -1.1119991300156000e+00
 -1.9004181823523965e+01
  2.2756398777877227e+01
 -7.9031476058841994e+00
 -1.8076550000861722e+01
  1.6854272668954484e+00
  1.3347242108529874e+01
 -2.3179802810970582e+01
  1.8991190650931305e+01
 -2.1819727417775692e+01
  2.0403247237418423e+01
  1.4854243685890043e+00
  1.7547778299816397e+01
 -1.6811765081476970e+00
 -6.0750067513618706e+00
  2.3121341819205934e+01
 -2.4993280312700922e+01
  1.4867895664796499e+01
 -1.3443664009094491e+00
 -1.7845180583037685e+01
  2.1562433073180358e+01
 -1.4501133357933126e+01
  5.4622382183061946e+00
  1.7404974400226948e+01
  2.2320435848551735e+01
 -5.1567253054221918e-01
 -1.5424173218848296e+01
  2.0947799014347886e+01
 -1.7932539558160840e+01
  1.9331420551029520e+01
 -1.0757212096835401e+01
 -1.2594481540599917e+01
  1.7669503600783525e+01
 -1.8284199926181635e+01
  1.0928580853774797e+01
  1.1912213996227459e+01
  1.9108095138598170e+01
 -8.0656230726756628e-01
 -1.1402635139494169e+01
  2.2722125817565139e+01
 -1.9119870079901425e+01
  7.8084730165089111e-01
  1.1734353712723038e+01
 -2.1997693758495888e+01
 -2.0655378876518661e+01
  6.6181349932074851e-01
  9.2188317981887291e+00
 -2.1555162063063452e+01
 -9.2409746148535843e-01
 -1.9091590647144326e+01
  2.2085610048610679e+01
 -9.8014698798394040e+00
  2.0789448221119429e+01
 -6.5891312875716457e-01
 -1.3585449362690452e+01
  2.1460697447873290e+01
  1.3111332076713578e+00
  1.8022667611251457e+01
 -2.1886908993325346e+01
  9.2526933460340572e+00
 -1.8658951291838349e+01
  1.9315058698819964e+01
 -1.1512853320040948e+01
 -1.0045829487736587e+01
  1.9028015166144549e+01
 -1.9935536403497483e+01
  1.1320901910046521e+01
  1.0368542108978236e+01
  1.7338667556846503e+00
  1.6625186427523925e+01
 -2.6330156918647415e+01
  1.1705571229594453e+01
 -1.7302906977552492e+01
  2.7163557056554675e+00
  1.6673205404457807e+01
 -3.3382960497014729e+01
  1.7051456034360733e+01
 -2.1707930687491817e+00
 -1.3582970614503433e+01
  2.6678206801255659e+01
 -9.4801372457809645e+00
 -1.6853970432210399e+01
  2.0876111553152374e+01
 -1.1866654984939039e+01
 -1.4181568845802506e+01
  3.0018001874367599e+01
 -1.6245823829389405e+01
 -2.1073140060060300e+00
  1.4887843721292191e+01
 -2.2975226543022384e+01
  1.6196242150254378e+01
  1.6128993824407434e+00
  1.8190832927833220e+01
 -1.8287410754568342e+01
  1.1587557645211870e+01
  1.1584584931729101e+01
 -1.6637332180821346e+01
  1.8202171254890622e+01
 -1.1521128227173586e+01
 -1.2242207817876459e+01
  3.7002643726665668e-01
  1.7320994805985599e+01
 -2.4590727687318189e+01
  1.1994555377815153e+01
 -1.7318806802191045e+01
  1.7669913426167856e+01
 -1.2139962840827922e+01
 -1.1193416912266079e+01
 -8.6797899617469576e-01
 -1.7825780626391609e+01
  2.2680760156249939e+01
 -1.1355019387988936e+01
  1.7850653157754465e+01
 -1.8742746004249625e+01
  1.0705086704357280e+01
  1.2605781389956288e+01
 -1.9083457342836720e+01
  3.5348262576054101e-01
  9.1242412043032317e+00
 -2.2442310850185795e+01
 -1.7926943500963073e+01
  1.8156903818298758e+01
 -1.2747069106609993e+01
 -9.7830730797773704e+00
  1.9074274660274270e+01
 -3.4074688770649963e-01
 -8.5412405092572552e+00
  2.1633729688097905e+01
  1.8766093147049581e+01
 -1.8851907696670423e+01
  1.2294929116516528e+01
  1.0157546271951595e+01
  3.4830859879933795e-01
  1.9539535855545530e+01
 -2.1637115735234993e+01
  1.2731568042297708e+01
 -8.3358027534528131e-02
 -1.8766349811392008e+01
  2.1809752191435472e+01
 -1.2227775587693330e+01
  3.0947957419719287e+00
 -2.1798809502212663e+01
  2.1314249870761873e+01
 -1.0838796058632537e+01
 -1.7979150331648381e+01
 -2.1599562873971379e+00
  1.0069483550149419e+01
 -2.1837820247349768e+01
  2.2191667548481271e+00
 -2.0142524557634747e+01
  2.2436456225540987e+01
 -1.1802893104181166e+01
 -1.2502850352846415e+00
  1.9601073763940470e+01
 -2.1868721663079274e+01
  1.1485619774273504e+01
 -1.8613405214213195e+01
 -1.9775447366472119e+00
  1.0520506160123936e+01
 -2.0758730736022535e+01
 -7.0979810151632938e-01
  1.9913749258080841e+01
 -2.0719728371585109e+01
  1.0500535581994908e+01
  1.8612393976024446e+01
  2.0406827763643212e+00
 -1.0531121354248857e+01
  2.1421504903098985e+01
 -2.2782765862494205e+01
  2.1865890695743836e+01
 -7.1406258969873206e-08
 -2.0848630097905623e+01
 -1.8332175764273902e+01
 -1.4573853046319543e+00
  1.7479313178563160e+01
 -2.0333266030449948e+01
 -9.1687516348178932e-01
 -2.1865890767380559e+01
  2.0848630163564497e+01
 -2.0848630234970759e+01
  1.4573853011447766e+00
  1.8332175752731128e+01
 -2.0333266023211266e+01
  1.7479313225206148e+01
  1.5069451386447159e+00
 -2.0329423027332936e+01
  2.1024718926402475e+01
 -1.0386042537112278e+01
 -1.9086209185635521e+01
  1.8694269171921965e-01
  1.0870731934136954e+01
 -2.1931495424015232e+01
  1.9197282552379292e+01
 -1.9164014174042062e+01
  1.0756589008614538e+01
  1.0981422345988179e+01
 -5.7934593308910109e-01
 -1.8121137582049435e+01
  2.2074974193375144e+01
 -1.1084183236159571e+01
  2.8209625440346259e-01
  1.8663089513553516e+01
 -2.2256793347416824e+01
  1.1415679781935616e+01
 -1.8669293830689028e+01
  1.8946596785630863e+01
 -1.0926172380857558e+01
 -1.0952439853182538e+01
 -1.9050237771515793e+01
  1.9153376107289340e+01
 -1.1018594808786210e+01
 -1.0731318577843796e+01
  1.0270694037924843e-01
  1.9050267296539392e+01
 -2.1658940302848940e+01
  1.1012368542856580e+01
  1.9151448027644573e+01
 -1.9080305864218680e+01
  1.0923790236897997e+01
  1.0647081266488977e+01
  7.1845405802446943e-02
 -1.9151426106545230e+01
  2.1784100202232764e+01
 -1.0917143584697321e+01
  4.2856604644011834e-09
  1.9071483084597826e+01
 -2.1743145202147144e+01
  1.0871572594613395e+01
  5.7934593325448402e-01
 -1.8700483520880162e+01
  2.2074974187366958e+01
 -1.0990790937290242e+01
  5.9031687434239344e-01
  1.8871874726918634e+01
 -2.1148554129055558e+01
  1.1212131247172149e+01
  1.8699263651310726e+01
 -1.8092593490069873e+01
  1.0944309918417831e+01
  1.2171806689852096e+01
 -1.8568808304204367e+01
  1.6970394018734350e+01
 -1.1032073857153740e+01
 -1.1416846101142298e+01
 -1.8873568246961955e+01
  1.9480330280236917e+01
 -1.1151459594604628e+01
 -1.0586254948057258e+01
  1.8925675770243799e+01
 -1.9214314308695236e+01
  1.1123142645238882e+01
  1.0441693082088673e+01
 -1.8733272896595711e+01
 -1.8838890247290213e-01
  1.1027654270088846e+01
 -2.2207529970013926e+01
 -1.8921450463155356e+01
  1.8736397558116838e+01
 -1.1154963146341352e+01
 -1.0659315087336090e+01
  1.9217536901254107e+01
 -2.9130126877132623e-01
 -1.0682460235085635e+01
  2.1763774310659770e+01
  1.8987675468634727e+01
 -1.9000473920548647e+01
  1.1117287109745972e+01
  1.0809550645988544e+01
  1.9009157419669357e+01
 -9.4844816903102220e+00
  9.5589107385908501e-01
  1.9459672593901768e+01
  1.1395617634795094e+01
 -2.1247738608376920e+01
  2.4425813956006593e+01
 -5.7541538265361414e+00
 -2.1593635130736761e+01
  1.1576547792802222e+01
  4.3467803557236291e+00
 -2.3752044357441207e+01
 -5.2260574084278777e-01
  1.8909209178959021e+01
 -2.1689912168263493e+01
  1.4506698615050574e+01
  1.3703367482126141e-01
 -2.2118984491489737e+01
  2.1394110387066817e+01
 -1.6969162414579827e+01
 -1.8761434153419202e+01
  1.8243623706444627e+01
 -8.3735334503269883e+00
 -1.3117357745348746e+01
 -5.2884647323979117e-01
  2.2087990304699442e+01
 -2.1482956176463695e+01
  5.9817045133533044e+00
  4.1264748711491200e-01
  1.9456734013223439e+01
 -2.1893635872168193e+01
  9.6669438375859684e+00
 -1.9458639630953254e+01
  1.9860733855977188e+01
 -9.5658384098520290e+00
 -1.1767878197815481e+01
  1.9499418846805000e+01
 -2.0317778509422560e+01
  9.5416759167324070e+00
  1.2038686207817047e+01
 -3.6204940061861950e+00
  2.2068250809829852e+01
 -1.8871403339418059e+01
  7.5500164154218039e+00
 -2.6334107690849514e+01
  1.6853970260642921e+01
 -9.0094564841014861e+00
 -1.1866655086209365e+01
  1.8492184127684169e+01
  4.1028053118063070e+00
 -1.1089814671749179e+01
  2.1385394846645092e+01
  1.8359053199661002e+01
 -1.6625186301942708e+01
  1.4624585707490118e+01
  1.1705571360228623e+01
 -1.3131197810590565e+00
  2.1487406347601191e+01
 -2.0873663523790601e+01
  1.0311839797451171e+01
  1.1534073275134533e+00
 -2.0746901514120196e+01
  2.0797017268399060e+01
 -9.9564703736795241e+00
 -1.9742063668505796e+01
  1.9162324378425293e+01
 -1.0665149116955011e+01
 -1.0926437714651231e+01
  1.9756911559126763e+01
 -1.9854483389136981e+01
  1.0213197971916852e+01
  1.1410033099116980e+01
  3.3811564900470268e+00
  1.6750627221817911e+01
 -2.2659578783681997e+01
  1.2121037543742453e+01
 -1.6506864186289306e+01
  2.0285078478644916e+01
 -1.3754670214803223e+01
 -1.1565880511340353e+01
  1.9799208946146120e+01
 -1.9439529906248197e+01
  1.1511377889000622e+01
  1.0954191710774676e+01
 -1.8941481930359521e+00
 -1.7611635250736729e+01
  2.3735603171142017e+01
 -1.2744077535367079e+01
  3.5116292584019343e-01
 -1.9791362960930503e+01
  2.1933652718719827e+01
 -1.1021317286663878e+01
  2.0554990582429348e+01
 -1.9287744894985170e+01
  1.1446562497012117e+01
  1.0997233903899373e+01
  2.0449962497781829e+01
  9.9688931180850160e-01
 -9.5862798479078517e+00
  1.9047528339100445e+01
  2.3952094602093965e+01
 -1.8672958179400844e+01
  1.0566432823190777e+01
  1.0370202801980147e+01
 -1.9396960905166722e+01
  2.0241337976804424e+01
 -1.1587754218659581e+01
 -1.0079843541440910e+01
 -2.0419487783129004e+01
 -1.0837627894035773e+00
  1.0168559128164850e+01
 -2.0707416760821509e+01
 -1.9064663678577293e+01
  1.0982386619073730e+00
  1.0782789360114897e+01
 -2.1515940718155356e+01
 -1.7800555794673489e+01
  1.9054417320499791e+01
 -1.3982747708294234e+01
 -1.0582049720709348e+01
  1.9204335621197160e+01
 -1.8979858713508488e+01
  1.1055189335716166e+01
  1.0939573157278447e+01
  1.9032987473438862e+01
  1.1748737064013234e-01
 -1.0970195406094248e+01
  2.2056428909234736e+01
 -1.9215739474257294e+01
  1.9079906940805571e+01
 -1.1054689829035814e+01
 -1.0894357704462839e+01
 -1.9033248455770469e+01
 -1.1685723733567664e-01
  1.0921200027166408e+01
 -2.1938131169168358e+01
 -1.9135620141473154e+01
  1.9147442949858579e+01
 -1.0965151900150419e+01
 -1.0785148266948225e+01
  1.1794779172023042e-02
  1.9135617094061601e+01
 -2.1698735108689167e+01
  1.0970758192146553e+01
  1.8592488842206387e-01
 -1.9086823349227995e+01
  2.1812090985969938e+01
 -1.0942783950541097e+01
  1.9163109828806437e+01
 -4.5544490904402251e-03
 -1.0861551724158900e+01
  2.1776981585471486e+01
  2.9022959247927547e-02
  1.9143007957215932e+01
 -2.1790850210713572e+01
  1.0924242060124282e+01
 -3.7052790338094735e-09
 -1.9107022267196559e+01
  2.1807412591733144e+01
 -1.0903706291171417e+01
  4.5480119376979091e-03
  1.9158547681738629e+01
 -2.1746202504632375e+01
  1.0952237542770836e+01
 -1.9143007961759320e+01
 -2.9022952550564307e-02
  1.0924242070006573e+01
 -2.1790850210295524e+01
 -1.9163109826219451e+01
  1.9158555385440728e+01
 -1.0861551713617356e+01
 -1.0915429870532661e+01
 -1.9166907213193394e+01
 -4.1794889222841747e-02
  1.0920188255927119e+01
 -2.1755764143943232e+01
 -1.9172106598949721e+01
  1.9143028770006040e+01
 -1.0923433256446774e+01
 -1.0908618939082526e+01
  1.9119108864868977e+01
  5.9291305374204260e-02
 -1.0913365792942294e+01
  2.1890352690561105e+01
 -1.3520114845663361e-01
  1.9215128863429584e+01
 -2.1847022643606582e+01
  1.0956021816731777e+01
  1.2924194248874635e-01
 -1.9254272622797256e+01
  2.1843624842266887e+01
 -1.0978340682489549e+01
  1.9253879414168328e+01
 -1.9125156366358421e+01
  1.0911883140845665e+01
  1.0844041528559666e+01
  4.1889782363404626e-02
 -1.9208897693076057e+01
  2.1805159484458592e+01
 -1.0937387959849850e+01
 -5.9087076774516273e-02
  1.9178245641651763e+01
 -2.1814951482096323e+01
  1.0919934934509742e+01
  1.9426146142571227e+01
 -3.0463846270651534e-01
 -1.1179026682228466e+01
  2.1822121595512463e+01
 -1.9419931820131616e+01
  3.0388085562795730e-01
  1.0733877049099219e+01
 -2.1767852040568439e+01
 -2.5157642086445026e-01
 -1.9103950191286824e+01
  2.1819799926127288e+01
 -1.0775511105565487e+01
  2.7633582536612178e-01
  1.8996612300086866e+01
 -2.1805834477332482e+01
  1.0714967572574039e+01
  1.9609216715367006e-01
  1.9102209776065468e+01
 -2.1841852617908735e+01
  1.0889838971587103e+01
  1.9270992090906027e+01
 -2.7737685311731164e-01
 -1.0936514983481125e+01
  2.1887982634556320e+01
  2.1546721511804993e+01
 -5.2307030154340239e+00
 -1.0269143908921605e+00
  2.0744552418837216e+01
  1.4005282151574937e+01
 -2.2551062107856506e+01
  1.6925151439698112e+01
 -1.8681457945185784e-01
 -1.1458192919215778e+01
  2.5715697001069028e+01
 -1.6904051173932636e+01
  2.1303063676510542e-01
 -1.9726672799331229e+01
  1.5209404714167858e+01
 -7.2242806686714873e+00
 -1.7805394617798388e+01
 -3.8474715352280109e+00
  2.0125508873432761e+01
 -2.1318407804262538e+01
  9.4341865761998278e+00
 -9.9688934570831189e-01
 -2.0449962440854065e+01
  1.9047528360636242e+01
 -9.5862798976465680e+00
 -2.3952094578545928e+01
  5.2791364696883294e+00
  1.0566432792650655e+01
 -2.0936635648880898e+01
  1.9372337851833556e+01
 -1.9252400278472923e+01
  1.0917592851793984e+01
  1.0916101279358037e+01
  1.9000249140150810e+01
  3.6388090800916334e-01
 -1.1023270025607022e+01
  2.1878004584847993e+01
 -5.8400074638949750e-01
  1.9741279023825211e+01
 -2.1750298869067038e+01
  1.0635926112679407e+01
  1.1810060141152488e-01
 -1.9369690850951308e+01
  2.1499287801755141e+01
 -1.0435727111071529e+01
 -1.9268168941103152e+01
  1.9082541124753874e+01
 -1.0969191947518510e+01
 -1.0878626205806297e+01
 -1.9115494211840293e+01
 -1.5377721637628544e-01
  1.0859866315407833e+01
 -2.1829685898733555e+01
 -1.8772333682525208e+01
 -3.6642566870779519e-01
  1.0689820945545641e+01
 -2.1955888622890754e+01
  1.8762457531528916e+01
  3.7068535881299236e-01
 -1.1281590818169581e+01
  2.2211125331191123e+01
  1.9109912266131666e+01
 -1.9140351336039728e+01
  1.0916264350846928e+01
  1.1065724381467081e+01
  1.9064608176741483e+01
  1.7367879815558054e-01
 -1.1021934541361182e+01
  2.1863980863510061e+01
  2.9409960693551357e-01
 -1.9315923180638425e+01
  2.1773497869695280e+01
 -1.0793911854937811e+01
  1.9314876219136288e+01
 -1.9019839307658017e+01
  1.0716400652954288e+01
  1.1126490027828527e+01
 -1.8506732233034445e-01
  1.9268384524265631e+01
 -2.1781849745989366e+01
  1.0994565416987696e+01
  1.9103950203460922e+01
  2.5157641434109923e-01
 -1.0775511111338473e+01
  2.1819799920899765e+01
  1.9154402267310306e+01
  1.7976056600998977e-01
 -1.0827466798518461e+01
  2.1784849512156153e+01
  1.9352877935401079e+01
 -1.9102114583140370e+01
  1.0814562504756543e+01
  1.0934718675489906e+01
 -1.9153673182183727e+01
 -1.7879668993577166e-01
  1.0915823272447518e+01
 -2.1668039158855180e+01
 -1.9398062927679760e+01
  1.9110780247389052e+01
 -1.0788697034377801e+01
 -1.0939679204874398e+01
  1.8768876305519061e+01
  3.6517436927255725e-01
 -1.1265730893235924e+01
  2.1881804784604952e+01
 -2.0965219163227372e-01
  1.9273226293204608e+01
 -2.1975154592697102e+01
  1.0532535855398310e+01
 -1.8917432504191392e+01
  1.8379320152170720e+01
 -1.0792312543243167e+01
 -1.1385227434095887e+01
 -1.8770607421966307e+01
 -3.6849486488205679e-01
  1.1161999757248585e+01
 -2.2080773942434799e+01
  1.8830977309591184e+01
 -1.8732801754637180e+01
  1.0845867954718285e+01
  1.1604194643140012e+01
  9.5826730144084465e-02
 -1.8828544380714927e+01
  2.1912950645306918e+01
 -1.0289523703914568e+01
  9.5246757002270410e+00
  9.4844817690236241e+00
 -2.0415563559487019e+01
  1.9459672477860270e+01
 -9.8521210484858059e+00
  2.1247738654549696e+01
 -1.8671660023363241e+01
 -5.7541538162261725e+00
 -1.0017087303103240e+01
 -1.1576547911314451e+01
  1.9405263919546286e+01
 -2.3752044261837149e+01
  1.8386603463211380e+01
 -1.8909209182387940e+01
  7.1832135400569328e+00
  1.4506698585526907e+01
 -2.1981950861101488e+01
  2.2118984455761712e+01
 -4.4249479506091740e+00
 -1.6969162349557799e+01
 -5.1781042535879396e-01
 -1.8243623737910703e+01
  2.1490891147230162e+01
 -1.3117357702118925e+01
  2.1559143836076775e+01
 -2.2087990342676900e+01
  1.5501251588607811e+01
  5.9817044999217446e+00
  2.1151030093677889e+01
 -8.0039852926435062e-01
 -1.3630871880688183e+01
  2.1581385008068874e+01
  6.5392553556176891e-01
  1.8735692109932366e+01
 -2.1486989860300749e+01
  8.9912677715566787e+00
 -5.3047981486831930e-01
 -1.9708592162685303e+01
  2.1546231521804099e+01
 -9.4581629808682095e+00
  1.9661158549341913e+01
 -2.0185028275844171e+01
  1.1384750169234882e+01
  9.8930027218599950e+00
 -2.0983784932870858e+01
  7.7637795987189751e-01
  9.1213905733820226e+00
 -2.0933711209057741e+01
 -1.9560421786952841e+01
  1.9901503302739616e+01
 -1.1434122855311280e+01
 -9.7540426326142775e+00
  1.8919845401597648e+01
 -1.9517052212015006e+01
  1.1059812018989202e+01
  1.0758684012261595e+01
  1.9393897385533240e+01
 -6.4569077309875145e-01
 -1.0690795488507657e+01
  2.1845222589569389e+01
 -1.9420750972856542e+01
  6.3876496405455785e-01
  1.1599314886408816e+01
 -2.1610906340233541e+01
  1.9318015191292371e+01
 -4.3944101701049576e-01
 -1.0875033379145226e+01
  2.1910719830180959e+01
  1.8889043038867101e+01
 -1.9325238530270408e+01
  1.0513704319218792e+01
  1.1235192195595458e+01
 -1.9288397357403991e+01
  1.9697662073689742e+01
 -1.0281530081582606e+01
 -1.1451709579426286e+01
 -1.8732717661219400e+01
  1.8828544369764511e+01
 -1.1623426909305431e+01
 -1.0289523728800550e+01
 -1.9464875225345928e+01
  1.8163300753621867e-01
  9.8946880555283094e+00
 -2.1859708857456830e+01
  1.9063574099187175e+01
 -1.9273226284406054e+01
  1.1442618711792155e+01
  1.0532535882189325e+01
 -2.0716442439061372e-01
 -1.9067215209589097e+01
  2.1714394474849641e+01
 -1.1060967722118741e+01
  1.9468309589232746e+01
 -1.7845939888227441e-01
 -1.0308017084732645e+01
  2.1477761973772193e+01
  4.0672976544521994e-01
  1.9271488052047861e+01
 -2.1598625823182644e+01
  1.1179467214158120e+01
  1.9823200522585910e+01
  2.1514900532370290e-09
 -1.0548720218847434e+01
  2.1097440414276619e+01
 -1.8822477882719177e+01
  2.0329423018634063e+01
 -1.0638676344236440e+01
 -1.0386042586902105e+01
  1.9823200524694439e+01
 -1.9823200522628877e+01
  1.0127419926988127e+01
  1.0127419978816347e+01
 -1.9153376100489346e+01
  1.9050237773933265e+01
 -1.0731318562389315e+01
 -1.1018594825348327e+01
 -1.0270693121603909e-01
  1.9152974230163078e+01
 -2.1658940307263496e+01
  1.0646571746329858e+01
 -1.8663089518681442e+01
 -2.8209624953522006e-01
  1.1415679795892752e+01
 -2.2256793344659908e+01
 -1.8946596785869641e+01
  1.8669293835707027e+01
 -1.0952439836726096e+01
 -1.0926172395100856e+01
  1.9086209182259722e+01
 -1.8899266497940932e+01
  1.0870731919711385e+01
  1.1060763503679482e+01
  1.9151426111579784e+01
 -7.1845413354811163e-02
 -1.0917143598088494e+01
  2.1784100201691384e+01
 -2.5887739588247974e-09
 -1.9363817761542496e+01
  2.1610569840951502e+01
 -1.0805284913584805e+01
 -1.9363817764097409e+01
  2.5210510002729572e-09
  1.0522616037314068e+01
 -2.1045232059863505e+01
 -1.8842823999768083e+01
  1.9337364858612379e+01
 -1.0782538480230990e+01
 -1.1029835306809503e+01
  1.9080305861775752e+01
 -1.9151448032677774e+01
  1.0647081252969103e+01
  1.0923790249180557e+01
 -1.8446511047266544e+01
  2.2190018622394181e+01
 -9.7963801315870551e+00
 -1.2966792226081308e+01
 -1.7658660303167621e+00
  1.8567650183857236e+01
 -2.4800694996290176e+01
  1.1015808642802806e+01
 -1.4010521574606036e+01
 -5.0117691442616712e+00
  1.7310673958513338e+01
 -2.7412833135286352e+01
 -1.9108241730709231e+01
  1.4935121337444832e+01
 -1.0572284730763954e+01
 -1.2253398117177838e+01
 -1.8712212997764954e+01
  1.8552096428476048e+01
 -9.2970337161108958e+00
 -1.2881176019362440e+01
  8.0656228122176632e-01
 -1.9108095129166895e+01
  2.2722125832396429e+01
 -1.1402635170520732e+01
 -1.6126330732818148e-01
  1.8725767329563965e+01
 -2.2337047742430862e+01
  1.1174483469110912e+01
 -1.7669503621348529e+01
 -6.1469627034388541e-01
  1.0928580840937066e+01
 -2.2840794882497732e+01
 -1.8693759627457194e+01
  1.7825780601331395e+01
 -1.1325740738180528e+01
 -1.1355019430105555e+01
 -8.9209287688511496e-01
  1.8742746010824995e+01
 -2.3310868096408566e+01
  1.2605781360401513e+01
  1.5648391975789675e+00
 -1.8202171256043993e+01
  2.3763336108554881e+01
 -1.2242207785654980e+01
  1.8287410773666043e+01
 -1.8190832897057454e+01
  1.1584584893922859e+01
  1.1587557684877099e+01
  1.7691021277270085e+01
 -1.7320994699000341e+01
  1.2596172260067537e+01
  1.1994555491601050e+01
  3.5110675766795474e-01
 -1.7669913452466520e+01
  2.3333379807354667e+01
 -1.1193416880706531e+01
 -2.0278559480881452e+01
  1.9392377019549031e+01
 -1.0471237864439882e+01
 -1.0738144982476122e+01
 -8.9464932102388861e-01
  2.0273988692552624e+01
 -2.1412023811438612e+01
  1.0361843237702919e+01
  2.0749951630663347e+01
 -6.2076789383661735e-01
 -1.0280582495028089e+01
  2.0174497810684127e+01
  2.0760645765074624e+01
 -1.9593011921435064e+01
  1.0204292125477043e+01
  1.0849242588655356e+01
 -2.0781783403986186e+01
  6.5264700096920536e-01
  1.1315091604774000e+01
 -2.1210545234267915e+01
 -9.4337959348588629e-02
 -1.9757432113694104e+01
  2.0906561797095765e+01
 -1.0097836071934781e+01
 -1.9430712791717180e+01
 -1.1780807702679026e+00
  1.0718349543383511e+01
 -2.1360110349427849e+01
 -1.3900087798604033e+00
  1.9993578263847933e+01
 -2.1897714714063060e+01
  1.1012676841165860e+01
  7.9631296657760398e-01
 -1.9964958194363433e+01
  2.1570700707497817e+01
 -1.0996912600655975e+01
 -2.0010286863130652e+01
  1.8598404405969827e+01
 -1.1275898301106073e+01
 -1.0966406714983847e+01
  2.0751302798951016e+01
 -1.8302957065190213e+01
  1.0838963929903668e+01
  1.0792198453289650e+01
  1.9459971107265737e+01
  1.1557942902986076e+00
 -1.0187858880495089e+01
  2.0956027977948178e+01
  1.9019765032901468e+01
  2.1762674494462295e-01
 -1.0916600640796595e+01
  2.1990819120643199e+01
 -3.6435654727045558e-01
  1.9366547607505524e+01
 -2.1906601957532967e+01
  1.1000088089151252e+01
  1.7801784865068460e-01
 -1.9296756764638143e+01
  2.1800762644260583e+01
 -1.0960447290237779e+01
  1.9297453644463669e+01
 -1.9119008878489606e+01
  1.1045789921794542e+01
  1.0807254689169108e+01
 -1.9020321847488166e+01
 -2.1675609424851894e-01
  1.0860335456740797e+01
 -2.1902841321865949e+01
 -1.9269916246502969e+01
  1.9115877299361514e+01
 -1.1061355774351529e+01
 -1.0805484525588367e+01
 -4.5480036379531913e-03
  1.9163095691114645e+01
 -2.1746202504387224e+01
  1.0793964948958045e+01
  1.9135620146678605e+01
  1.1822799174654740e-02
 -1.0965151913095051e+01
  2.1750300166335990e+01
 -1.8592489577907867e-01
 -1.8900898456845237e+01
  2.1812090986224696e+01
 -1.0869307021700996e+01
 -1.9135617099268277e+01
 -1.1794769984143451e-02
  1.0970758207197830e+01
 -2.1698735109868913e+01
  1.9107022267192452e+01
 -1.9107022270905940e+01
  1.0927860145341882e+01
  1.0927860157790489e+01
 -1.9111462475913925e+01
  1.9017969480077824e+01
 -1.0925320661203974e+01
 -1.0876928284103796e+01
  1.9111462480478316e+01
 -9.3493003915938622e-02
 -1.0925320673168324e+01
  2.1802248944984896e+01
 -1.9017714091646422e+01
 -9.3762475407381182e-02
  1.0936483998512134e+01
 -2.1865090665655003e+01
 -1.9071483084591094e+01
  1.9071483088890222e+01
 -1.0905737003590149e+01
 -1.0905737016733802e+01
 -1.9111476571625232e+01
  9.3762483510909864e-02
  1.0928606680464641e+01
 -2.1865090665424631e+01
  1.9254272619547642e+01
 -1.2924194845942921e-01
 -1.0978340685670974e+01
  2.1843624846575700e+01
  1.9115494201021484e+01
 -1.9269271422321253e+01
  1.0859866315623902e+01
  1.0969819588005230e+01
  1.9268168935324226e+01
 -1.8562782305876904e-01
 -1.0969191952263824e+01
  2.1847818159250426e+01
 -1.9268384518546714e+01
  1.8506732901415845e-01
  1.0994565427885263e+01
 -2.1781849751259571e+01
  1.9125156357182032e+01
 -1.9253879410935227e+01
  1.0844041523243252e+01
  1.0911883149875266e+01
 -1.9154402256778393e+01
  1.9334162830451803e+01
 -1.0827466793953773e+01
 -1.0957382722919219e+01
 -1.9270992098244111e+01
  1.8993615251777697e+01
 -1.0936514977647414e+01
 -1.0951467651584267e+01
 -1.9102209790844562e+01
 -1.9609215991205109e-01
  1.0889838971704119e+01
 -2.1841852612291028e+01
  1.9348175499750315e+01
 -1.9010689498839568e+01
  1.0892012047919209e+01
  1.0961312436892094e+01
  1.9102868272981947e+01
  1.9628431473087379e-01
 -1.0816493511084831e+01
  2.1863255901608404e+01
  3.3930839436305943e-01
 -1.9352076202850142e+01
  2.1971330432746623e+01
 -1.1144595356054689e+01
 -1.7377428619673149e-01
  1.9240178415497780e+01
 -2.1876001609430631e+01
  1.1080154954507684e+01
  1.9000473913067218e+01
 -1.8987675470910307e+01
  1.0809550627557678e+01
  1.1117287134017111e+01
 -1.9217536889747947e+01
  1.8926235629404623e+01
 -1.0682460218749021e+01
 -1.1081314096636435e+01
  1.8921450458922180e+01
 -1.8505291471975752e-01
 -1.1154963174265978e+01
  2.1814278239708418e+01
  1.8733272882480104e+01
 -1.8921661794877291e+01
  1.1027654252743600e+01
  1.1179875731486769e+01
 -1.9480330261515522e+01
  1.8873568234741974e+01
 -1.0586254932089462e+01
 -1.1151459621336063e+01
 -1.8925675767172422e+01
 -2.8863853017018642e-01
  1.1123142667014166e+01
 -2.1564835737218594e+01
 -1.8978652661282936e+01
 -5.0047709704425480e-01
  1.1097003653778529e+01
 -2.1486362435367035e+01
  1.2707811764680754e-02
 -1.9000392039539935e+01
  2.1771565902523090e+01
 -1.0669281403567963e+01
 -3.9597443754653565e-02
  1.9132437982261191e+01
 -2.1786665225207717e+01
  1.0743429101055503e+01
  1.9092880444165683e+01
  3.9515376781516065e-02
 -1.1021279877638419e+01
  2.1741511662243621e+01
 -2.8557837905619032e-01
  1.9395152333411211e+01
 -2.1599472894257207e+01
  1.0568556762493857e+01
  5.0590826941406797e-01
 -1.9484437014352068e+01
  2.1719532222108423e+01
 -1.0617208621593674e+01
  1.9590192277989818e+01
 -1.2591671653210086e+00
 -1.1295291679738643e+01
  2.2024078849990936e+01
  4.8927635759456062e-01
  1.8850837918597104e+01
 -2.1580176048455382e+01
  1.0429074070017936e+01
 -7.3462460152816478e-01
 -1.9190327072924184e+01
  2.1444439110926041e+01
 -1.0616893707093693e+01
  1.9203951159470908e+01
 -1.9913749262301327e+01
  1.0219192767340985e+01
  1.0500535602134573e+01
  1.9915168550201297e+01
 -1.9371448386630561e+01
  6.8945927458750038e+00
  1.5832963982613771e+01
  6.1018676257291915e-01
 -1.8187174085666125e+01
  2.2673231246622656e+01
 -8.3069432099747207e+00
  1.9454167380716765e+01
  5.2198665037775294e-01
 -1.2375301831055333e+01
  2.1819093722888582e+01
  9.1347441467900858e-02
  1.9364023190507606e+01
 -2.2352807371787982e+01
  8.8444658968187717e+00
  1.9649713448950930e+01
 -1.9373837833418236e+01
  9.2894660432232374e+00
  1.2413277886219488e+01
  1.9451097819780575e+01
 -8.9647963899320879e-02
 -1.2462780193839043e+01
  2.1936943565285073e+01
  2.0142524562593199e+01
 -2.2191667517489333e+00
 -1.1802893117563613e+01
  2.2436456219285581e+01
  1.2502850379810559e+00
  1.8350788735145240e+01
 -2.1868721659715959e+01
  1.0383101869864527e+01
 -2.0139106626136503e+01
  2.1599562849903680e+00
  1.1768336732104725e+01
 -2.1837820247425856e+01
 -2.0406827770427070e+00
 -1.8612393978541011e+01
  2.1421504901851478e+01
 -1.0531121332737358e+01
 -3.0947957378146000e+00
 -1.8704013764784381e+01
  2.1314249873905894e+01
 -1.0475453772907802e+01
 -2.0590949956146005e+01
  1.9775447377631479e+00
  1.0238224618363365e+01
 -2.0758730739627019e+01
 -1.7585255917153027e+01
 -3.2967405634437466e+00
  1.4102563322843583e+01
 -2.1571038997016050e+01
  1.5743511094264287e+01
  5.3295155414407516e+00
 -1.5368337577075996e+01
  2.0262560428632995e+01
  1.8226089268093208e+01
 -2.2416758931277016e+01
  1.8193085631406774e+01
  3.0495444593863197e+00
  1.7585255873953209e+01
 -2.0881996362403221e+01
  1.4102563371720800e+01
  7.4684757399369914e+00
 -4.8695301860866103e+00
  2.2675122910102623e+01
 -2.0751506202653282e+01
  6.9483479114753797e+00
  7.9385243984261056e+00
  1.4040877801489932e+01
 -2.3082786267974441e+01
  1.8415036690663896e+01
  1.1925879521029833e+01
  9.7337374797960887e+00
 -2.0572540338401847e+01
  2.2701132329800107e+01
 -2.0987855991874223e+01
  1.0697511777841218e+01
 -9.2086644665007658e+00
 -1.4969624849959851e+01
 -2.3229473956056808e+01
  7.5715932476508305e+00
 -1.6803324491473726e+00
 -1.6552734842608665e+01
  2.2416758995945333e+01
 -1.8226089396593647e+01
  3.0495443238209821e+00
  1.8193085665275728e+01
 -1.9894961753825697e+01
  2.1821588906653906e+00
  9.9989322540527272e+00
 -2.2449769137275538e+01
  1.2735334364721934e+01
 -2.0904446222517496e+01
  1.8006747363709845e+01
  3.3314230468407828e+00
  5.8816808134872840e+00
 -2.1539963790215108e+01
  2.1069703417166409e+01
 -5.9009610278529188e+00
 -1.9945264281188692e+01
  1.7550266684770527e+01
 -7.8035933330959901e+00
 -1.3699449565450328e+01
 -2.5962987115600829e+01
  1.5546485922406038e+01
 -4.1175991512438044e+00
 -1.5370290392755949e+01
  3.8014361823920892e+00
 -2.0815677897802377e+01
  2.5050676347402913e+01
 -1.4389921811696205e+01
  1.1685585619761554e+00
 -2.1875213398473523e+01
  2.4253241744784216e+01
 -2.2253241861592944e+01
  9.5561075701285496e+00
  1.1836554360742452e+01
 -2.0561583537054176e+01
  1.4589220177404611e+01
 -3.8014362069795267e+00
 -1.7014241623477869e+01
  2.5050676391058975e+01
 -1.0660754646317191e+01
  2.1875213286110835e+01
 -1.1685585686634608e+00
 -2.2253241641098352e+01
  2.4253241757907084e+01
 -5.3295155683571371e+00
 -1.5743511026360821e+01
  2.0262560445638989e+01
 -1.5368337600841636e+01
 -1.1836554411741039e+01
 -9.5561075173256445e+00
  1.4589220175982950e+01
 -2.0561583454129181e+01
 -2.1821590185482913e+00
  1.9894961750938879e+01
 -2.2449769175511182e+01
  9.9989323182527166e+00
  2.0904446259567962e+01
 -1.2735334335111171e+01
  3.3314230746609752e+00
  1.8006747238227153e+01
  2.1539963819456002e+01
 -5.8816809604107920e+00
 -5.9009610672850474e+00
  2.1069703394062888e+01
 -1.5546485886228755e+01
  2.5962987215464967e+01
 -1.5370290295441421e+01
 -4.1175991896168673e+00
  1.7025209783868164e+01
  1.0246018114149074e+01
 -1.3606067760780519e+01
  1.8784685268436121e+01
 -1.7550266523265773e+01
  1.9945264290571515e+01
 -1.3699449533111544e+01
 -7.8035933772961998e+00
  1.8723217049878297e+01
  1.2793574713926856e+00
 -9.6608223540059264e+00
  2.1339190882961198e+01
  1.7685809863613763e+01
  5.4027829414349071e+00
 -1.1515053525825529e+01
  2.0541516057546385e+01
 -2.0326607369170581e+01
 -2.7831545620380429e+00
  8.9020123881924267e+00
 -2.0524461931154537e+01
 -7.5715932743537291e+00
  2.3229473947453965e+01
 -1.6552734838561364e+01
 -1.6803322953443380e+00
 -1.4040877749299717e+01
 -7.9385244374469170e+00
  1.8415036604200814e+01
 -2.3082786300398489e+01
 -1.0697511871963707e+01
  2.0987856125853849e+01
 -1.4969624904267279e+01
 -9.2086641637928270e+00
 -9.7337374779493135e+00
 -1.1925879589779141e+01
  2.2701132007043512e+01
 -2.0572540364737680e+01
  2.7831545510779838e+00
  2.0326607451451853e+01
 -2.0524461919373646e+01
  8.9020123405094136e+00
 -2.2675122956232141e+01
  4.8695301654581504e+00
  6.9483478714708822e+00
 -2.0751506185431477e+01
  1.6932464226054055e+01
 -2.3931725277068608e+01
  1.3123559212566574e+01
  8.9640539016381897e+00
 -1.7243447502298810e+01
  3.2984209194000305e+00
  4.5142999735961524e+00
 -2.2654314287504231e+01
  1.9333347792461748e+01
 -1.8485690109108909e+01
  1.0274995153504262e+01
  1.1863385540636065e+01
 -2.4993280214669038e+01
  1.2867895639717398e+01
  1.3443663866247770e+00
 -1.9337064339616543e+01
 -2.3108518808867018e+00
 -1.5836433109947539e+01
  3.0003018976755751e+01
 -1.8353137821229623e+01
 -1.7025209850012107e+01
  2.7271228307665272e+01
 -1.3606067732334381e+01
 -5.1786173872544179e+00
 -1.7302907024199591e+01
  3.3460688322778303e+01
 -1.6673205342540879e+01
  1.4774987519778908e+00
 -1.2793576736471695e+00
 -1.8723217057292903e+01
  2.1339190834990312e+01
 -9.6608223073327615e+00
 -1.7685809892333580e+01
  2.3088593080657120e+01
 -1.1515053481842836e+01
 -9.0264624820637174e+00
  9.2357115529066878e+00
 -2.0961977047735505e+01
  2.4099574167381409e+01
 -5.2001191112530174e+00
  8.5457799201974698e+00
 -2.1922554003975268e+01
  1.6738336853952084e+01
  1.4178527157326939e+00
  1.3769717486818267e+01
 -2.1796445100895504e+01
  2.1151520904504213e+01
 -3.9595197042341912e-01
  2.1796445109471573e+01
 -1.3769717550571267e+01
 -3.9595203318959638e-01
  2.1151520917750869e+01
  2.0961977030800355e+01
 -9.2357116004088962e+00
 -5.2001191396404876e+00
  2.4099574197391245e+01
  1.8485690085905148e+01
 -1.9333347653203194e+01
  1.1863385600216878e+01
  1.0274995177205131e+01
  2.3931725331183127e+01
 -1.6932464152305631e+01
  8.9640539822832874e+00
  1.3123559117647988e+01
 -3.2984210206210527e+00
  1.7243447539931825e+01
 -2.2654314187798573e+01
  4.5143000135494402e+00
 -1.2867895664796521e+01
  2.4993280312700957e+01
 -1.9337064221344743e+01
  1.3443664009094509e+00
 -3.3460687948016798e+01
  1.7302906977552489e+01
  1.4774985314158458e+00
 -1.6673205404457800e+01
  1.5836433028565079e+01
  2.3108517949377236e+00
 -1.8353137835395422e+01
  3.0003019395242188e+01
 -9.1687516675036806e-01
  2.3611685588069296e+01
 -2.0848630169311882e+01
  1.8848630097905616e+01
 -2.3611685666019302e+01
  9.1687516348178866e-01
  1.8848630234970699e+01
 -2.0848630163564483e+01
  7.4844816903102345e+00
 -1.9009157419669357e+01
  2.0312970836957660e+01
 -9.5589107385908512e-01
 -8.5457799562815655e+00
 -1.3376774027923254e+01
  1.6738336860246250e+01
 -1.8156189536501746e+01
  1.9009157469250674e+01
 -7.4844817690236427e+00
 -9.5589108162674696e-01
  2.0312970733540840e+01
