      84        57        68
     864       886       890
     515       479       513
     404       366       402
     924       923       906
    1011      1026      1015
    1019      1007      1015
     926       936       914
     494       528       492
     554       530       556
     532       560       558
     589       556       558
     792       821       800
     821       851       857
     857       873       855
     647       685       681
     619       647       617
     615       589       617
     685       683       710
     665       698       663
     824       807       825
     875       906       874
     923       947       921
     927       907       921
     900       919       904
     362       339       337
     305       335       337
     930       926       910
     887       865       891
     879       887       910
     851       841       869
     841       813       835
     905       869       895
     883       914       895
     863       879       883
     831       863       835
     683       649       679
     651       677       673
     736       742       706
     706       679       673
     367       405       403
     187       185       157
      16        18         5
     198       176       158
     224       198       222
     210       247       222
      97       125       113
      27        21        13
      57        47        35
      68        55        82
      47        64        41
      33        23        41
      49        27        33
     177       199       159
     145       159       171
     925       929       909
     935       925       913
     886       878       909
     785       812       779
     781       757       779
     801       769       805
     769       749       751
     733       767       747
     713       747       751
     632       602       594
     577       600       579
     575       577       539
     517       515       539
     598       575       573
     513       511       537
     507       535       509
     511       477       509
     573       537       571
     366       347       345
     289       255       287
     291       289       309
     343       345       309
     287       285       307
     341       364       343
     339       341       307
     406       404       426
     364       398       400
     402       400       424
     285       253       283
     253       234       232
     281       305       283
     184       186       156
     839       845       867
     893       889       867
     877       875       859
     825       827       859
     773       808       775
    1021      1019      1028
    1030      1024      1023
    1013      1021      1023
    1009      1011       995
     936       958       954
     916       893       897
     871       903       897
     696       660       661
     641       663       661
     607       641       605
     546       526       548
     552       554       587
     609       607       585
     528       552       550
     548       550       585
     526       488       490
     492       490       468
     433       468       431
     379       355       381
     328       357       326
     506       534       504
     766       800       804
     742       766       744
     746       710       744
     722       700       724
     681       708       671
     720       722       756
     698       720       718
     613       615       645
     667       665       643
     700       667       669
     645       671       669
     587       613       611
     643       609       611
     715       696       716
     807       771       772
     774       772       754
     716       718       754
     771       773       753
     717       715       753
    1018      1020      1027
    1024      1029      1022
    1020      1012      1022
    1025      1010      1014
    1006      1018      1014
     999      1013      1001
     996      1006       990
     850       820       856
     898       900       872
     872       856       854
     957       935       953
     975       979       994
    1010      1008       994
     699       668       666
     697       717       719
     682       678       648
     226       224       249
     279       281       251
     448       446       475
     505       507       475
     418       448       450
     477       452       450
     262       264       296
     320       318       296
     355       320       324
     300       326       324
     376       352       374
     770       802       806
     768       734       748
     750       770       752
     748       714       752
     734       730       704
     677       675       702
     675       653       687
     689       704       687
     603       633       595
     601       578       580
     534       566       564
     560       564       591
     623       619       591
     649       623       621
     627       651       625
     625       621       593
     568       536       570
     566       568       593
     758       782       780
     730       758       726
     728       702       726
     762       736       728
     786       792       762
     813       786       780
     348       367       346
     405       407       427
     399       365       401
     401       403       425
     142       157       140
     179       177       153
     153       114       134
     256       290       288
     290       292       310
     346       344       310
     365       342       344
     233       235       254
     282       280       252
     239       256       237
     205       187       189
     235       205       237
     225       227       250
     199       225       223
     330       328       302
     280       304       278
     302       274       276
     250       278       276
      14         3        10
      28        16        14
      22        32        40
      32        26        48
      52        61        48
      26        12        20
      30        50        52
      18        30        20
      99        77        71
      61        87        71
     125       129       144
     158       144       170
     117       148       121
     129        99       121
      54        67        81
      89        97        83
      67        56        83
      77        89        63
      56        34        46
      40        63        46
     123       131       103
     146       127       131
     127       117       101
      87        91       101
     166       172       150
     150       123       119
      95       115       119
       4        15        11
      15        17        29
      17         6        19
      21        31        19
      64        90        78
     126       145       130
      90        84        98
     114       126        98
     130       122       100
      72        78       100
     211       223       248
     264       245       266
     272       300       266
     274       272       248
     904       894       868
     894       913       882
     840       850       868
     812       840       834
     862       830       834
     878       862       882
     749       737       711
     654       632       638
     658       654       690
     694       711       690
     600       636       638
     692       713       694
     818       805       797
     842       848       818
     836       864       842
     830       836       814
     789       781       814
     767       789       797
     543       523       561
     581       594       561
     579       581       541
     634       598       630
     636       634       656
     688       692       656
     105        73        93
      81       109        93
     139       156       141
     107       105       111
     137       139       111
     255       238       236
     234       236       204
     186       204       188
     827       809       829
     809       774       776
     756       778       776
     784       811       778
     811       839       833
     833       861       829
     937       943       915
     917       898       902
     896       892       915
     870       896       902
     884       911       888
     892       866       888
     808       826       828
     826       824       858
     874       876       858
     832       828       860
     907       880       876
     880       884       860
     755       775       777
     723       699       721
     719       755       721
     731       723       759
     912       934       932
     889       912       885
     908       877       881
     861       885       881
    1007       997       991
     974       991       972
     997       999       984
    1017      1009      1003
     993       986      1005
     982       993      1003
     980       974       956
     995       980       976
     934       938       956
     938       916       944
     964       982       976
     950       964       944
     989       978       970
     986       960       978
     942       954       970
     660       662       640
     662       697       664
     666       642       664
     605       604       583
     604       640       606
     525       545       547
     545       546       583
     318       353       316
     435       433       411
     411       373       375
     377       379       413
     353       377       375
     409       431       429
     487       525       489
     488       487       466
     429       466       428
     357       385       383
     415       381       383
     804       823       796
     845       817       847
     855       853       823
     853       871       847
     740       746       764
     708       740       732
     760       724       732
     788       784       760
     817       788       794
     764       796       794
    1012       998      1000
     998       996       983
    1001      1000       987
     967       968       987
     947       967       965
     961       965       983
     979       955       973
     990       973       971
     955       937       933
     911       931       933
     931       927       951
     951       961       971
     820       791       799
     791       785       761
     919       939       941
     953       941       969
     977       988       969
    1008      1016      1002
     535       567       569
     596       571       569
     416       386       384
     446       416       444
     442       473       444
     247       271       273
     386       388       358
     388       418       390
     392       360       390
     335       333       360
     394       392       420
     396       362       394
     398       396       422
     452       454       420
     479       456       454
     456       458       422
     806       819       798
     849       843       819
     865       837       843
     837       831       815
     782       790       815
     790       768       798
     738       750       712
     633       655       639
     655       659       691
     712       695       691
     637       601       639
     635       637       657
     714       693       695
     693       689       657
     524       544       562
     595       582       562
     582       580       542
     599       635       631
     653       629       631
     629       627       597
     570       572       597
     516       518       540
     572       538       574
     578       576       540
     576       599       574
     480       516       514
     538       512       514
     138       155       136
     106       108       112
     140       138       112
     134       110       136
      74       106        94
     110        82        94
     252       229       231
     155       183       181
     185       203       183
     203       233       231
     227       201       229
     201       179       181
     286       288       308
     254       286       284
     342       340       308
     306       282       284
     340       363       338
     336       306       338
      44        28        42
      50        44        65
      91        65        85
      79       103        85
      42        38        59
      69        95        75
      75        79        59
       1         7         8
      10         8        24
       7         2         9
      11        25         9
      38        24        36
     212       220       242
     352       317       315
     160       146       168
     172       190       168
     190       212       206
     241       262       260
     209       241       207
     196       166       164
     220       196       216
     217       246       216
     169       147       161
     122       149       118
     147       132       128
     102       118       128
     149       175       163
     193       161       163
     175       171       195
     195       211       219
     215       209       193
     245       215       219
     485       483       464
     523       485       521
     426       462       464
     458       481       460
     462       424       460
     481       517       519
     519       541       521
     678       705       672
     705       741       735
     761       727       735
     113       152       133
     109       133       135
     176       178       152
     154       137       135
     846       870       852
     854       822       852
     707       731       739
     709       682       684
     932       952       928
     952       972       962
     948       924       922
     922       908       928
     968       948       966
     984       966       962
     946       950       918
     960       946       940
     873       901       899
     903       899       918
     901       905       920
     920       942       940
     642       610       608
     606       608       584
     527       549       551
     549       547       584
     294       316       314
     260       294       258
     268       243       258
     373       371       351
     371       409       369
     368       349       369
     314       351       312
     370       368       408
     350       370       372
     374       372       410
     408       428       430
     489       491       467
     491       527       493
     495       469       493
     469       436       434
     434       410       432
     430       467       432
     447       445       417
     385       387       417
     441       415       443
     445       474       443
     502       532       500
     504       502       474
     985       977       959
    1004       985       992
     981      1002       992
     963       975       981
     943       963       949
     945       917       949
     939       945       959
     646       618       616
     668       670       644
     670       707       680
     684       646       680
     471       497       499
     497       495       529
     567       565       592
     620       624       592
     648       620       622
     618       622       590
     384       356       382
     356       327       325
     438       471       440
     440       442       414
     436       438       412
     414       382       380
     378       376       412
     354       378       380
     327       329       301
     329       358       331
     249       275       277
     275       273       301
     303       279       277
     333       303       331
     484       486       465
     486       524       522
     463       427       465
     482       459       461
     425       463       461
     518       482       520
     542       520       522
     459       457       423
     457       480       455
     453       421       455
     421       393       395
     397       399       423
     363       397       395
     536       508       510
     512       510       478
     451       453       478
     508       506       476
     476       447       449
     419       451       449
     304       334       332
     334       336       361
     359       330       332
     387       359       389
     393       391       361
     391       419       389
      70        69        58
      25        39        37
      58        36        37
     240       259       261
     206       240       208
     173       169       191
     191       207       213
     243       221       213
     221       217       197
     164       143       165
     115       116       143
     151       173       167
     197       165       167
      31        53        51
      88       102        92
      53        49        62
      62        72        88
     650       672       676
     628       596       626
     624       650       626
     630       628       652
     200       226       228
     178       200       180
     182       154       180
     251       230       228
     202       184       182
     232       202       230
     763       793       795
     739       763       745
     803       799       765
     822       803       795
     741       743       765
     743       709       745
     793       787       816
     777       810       783
     787       759       783
     810       832       838
     866       844       838
     844       846       816
     610       612       586
     612       644       614
     616       588       614
     588       557       555
     553       551       586
     529       553       555
     311       350       313
     313       315       293
     257       242       267
     259       257       293
     349       321       322
     298       312       322
     321       311       297
     270       268       298
     246       270       269
     267       269       297
     496       494       470
     530       496       498
     500       498       472
     439       441       472
     470       435       437
     413       439       437
     473       501       503
     501       499       531
     533       505       503
     557       559       531
     565       533       563
     559       590       563
     244       218       214
     192       208       214
     218       210       194
     194       170       174
     148       162       174
     162       160       192
     271       265       299
     265       244       263
     261       295       263
     317       319       295
     319       354       323
     325       299       323
     132       124       104
     124       151       120
     116        96       120
      96        70        76
     703       688       686
     686       652       674
     729       733       703
     676       701       674
     757       729       725
     727       725       701
      92        86        66
      86       104        80
      45        51        66
      76        60        80
      43        29        45
      39        43        60
     890        -1        -1
    1026        -1        -1
     930        -1        -1
     891        -1        -1
       5        -1        -1
      13        -1        -1
      35        -1        -1
      55        -1        -1
      23        -1        -1
     929        -1        -1
     801        -1        -1
     602        -1        -1
     347        -1        -1
     291        -1        -1
     406        -1        -1
    1028        -1        -1
    1030        -1        -1
     958        -1        -1
    1027        -1        -1
    1029        -1        -1
    1025        -1        -1
     957        -1        -1
     802        -1        -1
     603        -1        -1
     348        -1        -1
     407        -1        -1
     142        -1        -1
     292        -1        -1
     239        -1        -1
     189        -1        -1
       3        -1        -1
      22        -1        -1
      12        -1        -1
      54        -1        -1
      34        -1        -1
       4        -1        -1
       6        -1        -1
     737        -1        -1
     658        -1        -1
     848        -1        -1
     543        -1        -1
      73        -1        -1
     141        -1        -1
     107        -1        -1
     238        -1        -1
     188        -1        -1
    1017        -1        -1
    1005        -1        -1
     989        -1        -1
     988        -1        -1
    1016        -1        -1
     849        -1        -1
     738        -1        -1
     659        -1        -1
     544        -1        -1
     108        -1        -1
      74        -1        -1
       1        -1        -1
       2        -1        -1
     483        -1        -1
    1004        -1        -1
     484        -1        -1
